Rk,Player,Pos,Age,Tm,G,MP,PER,TS%,3PAr,FTr,ORB%,DRB%,TRB%,AST%,STL%,BLK%,TOV%,USG%,,OWS,DWS,WS,WS/48,,OBPM,DBPM,BPM,VORP,Player-additional,MVP
1,Steven Adams,C,26,OKC,63,1680,20.5,0.604,0.006,0.421,14,24,19.2,13.2,1.5,3.4,14.2,17.3,,3.8,2.7,6.5,0.185,,1.9,1.1,2.9,2.1,adamsst01,0
2,Bam Adebayo,PF,22,MIA,72,2417,20.3,0.598,0.018,0.484,8.5,24.9,17,24.2,1.7,3.8,17.6,21.2,,4.6,3.9,8.5,0.168,,1.4,2,3.4,3.3,adebaba01,0
3,LaMarcus Aldridge,C,34,SAS,53,1754,19.7,0.571,0.198,0.241,6.3,17.8,12,11.4,1,4.4,7.8,23.4,,3,1.4,4.5,0.122,,1.8,-0.5,1.4,1.5,aldrila01,0
4,Kyle Alexander,C,23,MIA,2,13,4.7,0.5,0,0,17.9,8.3,12.9,0,0,0,33.3,10.2,,0,0,0,-0.003,,-6.4,-3.7,-10.1,0,alexaky01,0
5,Nickeil Alexander-Walker,SG,21,NOP,47,591,8.9,0.473,0.5,0.139,1.6,13.5,7.5,21.1,1.3,1.1,16.1,23.3,,-0.7,0.4,-0.2,-0.02,,-3.2,-1.4,-4.6,-0.4,alexani01,0
6,Grayson Allen,SG,24,MEM,38,718,12,0.609,0.562,0.179,1.2,11.1,6.2,10,0.7,0.2,10.9,17.6,,0.8,0.4,1.2,0.082,,-0.1,-1.2,-1.3,0.1,allengr01,0
7,Jarrett Allen,C,21,BRK,70,1852,20.7,0.664,0.013,0.581,12.3,24.9,18.7,8.9,1,4.2,11.7,14.9,,5.2,2.9,8.2,0.212,,1.4,1,2.3,2,allenja01,0
8,Kadeem Allen,PG,27,NYK,10,117,14,0.512,0.364,0.25,1.8,6.6,4.1,27,2.1,1.6,14.1,20.6,,0.1,0.1,0.1,0.053,,-0.3,-0.7,-0.9,0,allenka01,0
9,Al-Farouq Aminu,PF,29,ORL,18,380,7.6,0.395,0.419,0.337,6.6,18.4,12.3,7.4,2.3,1.9,14.7,13.2,,-0.4,0.5,0.1,0.014,,-4.4,1.4,-3,-0.1,aminual01,0
10,Justin Anderson,SG,26,BRK,10,107,3.2,0.352,0.763,0.105,1,18.9,10.2,10.1,0,4.7,9.1,17.1,,-0.2,0.1,-0.1,-0.054,,-6.8,-1,-7.7,-0.2,anderju01,0
11,Kyle Anderson,SF,26,MEM,67,1330,12.5,0.534,0.257,0.236,4.7,17.6,11.3,15.9,1.9,2.4,15.3,13.5,,0.9,1.7,2.5,0.091,,-1.5,2,0.5,0.9,anderky01,0
12,Ryan Anderson,C,31,HOU,2,14,9.4,0.357,0.714,0,0,52.9,26.2,20.4,3.3,0,12.5,23.7,,0,0,0,-0.037,,-3.3,0.5,-2.8,0,anderry01,0
13,Giannis Antetokounmpo,PF,25,MIL,63,1917,31.9,0.613,0.237,0.508,7.7,34.8,22.1,34.2,1.5,3,13.2,37.5,,6.1,5,11.1,0.279,,7.4,4.1,11.5,6.6,antetgi01,1
14,Kostas Antetokounmpo,PF,22,LAL,5,20,16.3,0.902,0,0.667,11.1,5.4,8.2,13.7,0,0,20.5,10.3,,0.1,0,0.1,0.193,,0.2,-0.9,-0.7,0,antetko01,0
15,Thanasis Antetokounmpo,SF,27,MIL,20,129,12.2,0.496,0.208,0.354,9.8,8.7,9.2,16.3,2.5,1.4,17.8,21.6,,-0.1,0.2,0.2,0.07,,-4.6,1.4,-3.2,0,antetth01,0
16,Carmelo Anthony,PF,35,POR,58,1902,12.4,0.525,0.289,0.206,3.9,16.1,10.1,6.4,1.2,1.2,10.5,21.2,,0.4,0.9,1.3,0.033,,-1.8,-1.8,-3.6,-0.8,anthoca01,0
17,OG Anunoby,SF,22,TOR,69,2066,13.2,0.6,0.403,0.18,4.2,14.2,9.3,7.5,2.2,2.1,11.5,14.3,,2.1,3.7,5.7,0.134,,-0.8,2,1.2,1.7,anunoog01,0
18,Ryan Arcidiacono,PG,25,CHI,58,930,9,0.551,0.627,0.173,2.3,11.2,6.5,14.3,1.4,0.3,13.5,12.5,,0.7,0.7,1.4,0.071,,-2.7,-0.1,-2.8,-0.2,arcidry01,0
19,Trevor Ariza,SF,34,TOT,53,1493,11,0.593,0.639,0.228,2.5,15.7,9,8,2.2,0.9,13.6,11.8,,1.3,1.2,2.5,0.081,,-1.4,0.9,-0.5,0.6,arizatr01,0
19,Trevor Ariza,SF,34,SAC,32,791,9.4,0.543,0.739,0.164,2.9,18.2,10.4,8.3,2.1,0.8,13.7,11.2,,0.3,0.8,1.1,0.066,,-1.9,1.3,-0.6,0.3,arizatr01,0
19,Trevor Ariza,SF,34,POR,21,702,12.8,0.643,0.535,0.296,2,12.8,7.4,7.6,2.3,1,13.5,12.5,,1,0.4,1.4,0.098,,-0.9,0.4,-0.4,0.3,arizatr01,0
20,D.J. Augustin,PG,32,ORL,57,1420,14,0.554,0.436,0.393,1.6,7.8,4.6,26.8,1.2,0.1,13.7,19.1,,2,0.9,2.9,0.098,,-0.3,-1.3,-1.6,0.2,augusdj01,0
21,Deandre Ayton,C,21,PHO,38,1236,20,0.568,0.023,0.157,13,26.3,19.6,9.7,1,4.1,11.6,23.7,,1.5,1.6,3.1,0.121,,0.8,-0.4,0.4,0.7,aytonde01,0
22,Dwayne Bacon,SG,24,CHO,39,687,6.1,0.419,0.275,0.217,2.3,14,7.9,11.7,1.7,0.3,12.2,19.5,,-1.2,0.4,-0.8,-0.053,,-5.9,-0.9,-6.8,-0.8,bacondw01,0
23,Marvin Bagley III,C,20,SAC,13,334,15.6,0.512,0.132,0.186,9.5,23.5,16.3,4.9,0.9,3.4,9.1,25.8,,0,0.3,0.4,0.051,,-2.2,-1.4,-3.5,-0.1,baglema01,0
24,Lonzo Ball,PG,22,NOP,63,2025,13.1,0.517,0.575,0.111,3.7,16.4,10,29.1,2,1.6,21.1,18.5,,0.4,2,2.4,0.058,,0.1,0.6,0.6,1.3,balllo01,0
25,Mo Bamba,C,21,ORL,62,878,17.5,0.542,0.374,0.161,11.9,25.6,18.5,7.2,1.3,8.8,12.1,17.1,,0.8,1.7,2.5,0.135,,-1.2,1.6,0.4,0.5,bambamo01,0
26,J.J. Barea,PG,35,DAL,29,450,14.6,0.512,0.411,0.106,2.4,9.9,6.2,37.1,0.5,0.4,14.9,24.2,,0.5,0.2,0.7,0.072,,1.6,-3,-1.4,0.1,bareajo01,0
27,Harrison Barnes,PF,27,SAC,72,2482,13.3,0.574,0.338,0.337,3.4,12.9,8.1,9.2,0.8,0.5,8.8,17.4,,3.4,1.1,4.6,0.088,,0,-1.3,-1.3,0.5,barneha02,0
28,RJ Barrett,SG,19,NYK,56,1704,10.7,0.479,0.271,0.349,3,14.8,8.7,12.8,1.6,0.9,12.9,24,,-1.6,1.1,-0.5,-0.015,,-2.9,-1.5,-4.3,-1,barrerj01,0
29,Will Barton,SF,29,DEN,58,1916,15.6,0.549,0.39,0.18,4.5,16.9,10.7,16,1.6,1.4,9.9,20.1,,2.4,1.8,4.2,0.106,,1.2,-0.2,1.1,1.5,bartowi01,0
30,Keita Bates-Diop,PF-SF,24,TOT,44,744,12.4,0.539,0.44,0.321,3.5,15.1,9.1,5.8,1.2,2.7,6,15.8,,0.6,0.6,1.2,0.078,,-1,-0.4,-1.4,0.1,bateske01,0
30,Keita Bates-Diop,PF,24,MIN,37,646,12.5,0.535,0.456,0.316,3.3,15.1,9,6.7,1.2,2.6,5.6,15.8,,0.6,0.5,1,0.077,,-0.8,-0.1,-0.9,0.2,bateske01,0
30,Keita Bates-Diop,SF,24,DEN,7,98,12.1,0.571,0.321,0.357,4.6,14.8,9.7,0,1,3.8,8.5,15.7,,0.1,0.1,0.2,0.084,,-2.2,-2.8,-5,-0.1,bateske01,0
31,Nicolas Batum,SF,31,CHO,22,505,9.2,0.463,0.605,0.123,5.2,16.8,10.8,18.3,1.7,1.5,20.5,9.4,,0.2,0.4,0.6,0.055,,-2.8,0.9,-1.9,0,batumni01,0
32,Aron Baynes,C,33,PHO,42,934,15.2,0.581,0.441,0.197,8.3,20,14.1,10.9,0.5,2.1,10.8,21.1,,1.3,0.8,2.1,0.107,,-0.2,-0.8,-1,0.2,baynear01,0
33,Kent Bazemore,SF,30,TOT,68,1688,9.3,0.499,0.457,0.275,1.7,17.1,9.4,7.4,2.1,2.1,13.2,17.5,,-0.9,1.5,0.6,0.017,,-3.4,0.3,-3,-0.5,bazemke01,0
33,Kent Bazemore,SF,30,POR,43,1111,7.5,0.475,0.525,0.221,1.2,14.8,8.1,7.1,1.9,2.4,14.4,15.9,,-1,0.8,-0.2,-0.008,,-3.6,0.4,-3.2,-0.3,bazemke01,0
33,Kent Bazemore,SF,30,SAC,25,577,12.6,0.533,0.351,0.361,2.7,21.6,11.9,8,2.4,1.5,11.4,20.4,,0.1,0.7,0.8,0.065,,-3,0.3,-2.8,-0.1,bazemke01,0
34,Darius Bazley,PF,19,OKC,61,1130,9.6,0.497,0.445,0.196,3,20.5,12,5.1,1,3.1,11.6,15.1,,-0.5,1.5,1,0.041,,-2.1,0.5,-1.6,0.1,bazleda01,0
35,Bradley Beal,SG,26,WAS,57,2053,23.2,0.579,0.369,0.351,2.7,10.5,6.4,29.5,1.6,1,11.4,34.4,,4.5,0.6,5.1,0.118,,5.3,-2.4,2.9,2.5,bealbr01,0
36,Malik Beasley,SG,23,TOT,55,1209,12.7,0.546,0.517,0.124,1.6,11.9,6.7,9.4,1.6,0.6,9.2,21.8,,0.4,0.8,1.2,0.049,,-0.7,-1.4,-2.1,0,beaslma01,0
36,Malik Beasley,SG,23,DEN,41,746,10.5,0.511,0.535,0.126,1.4,10.2,5.8,9.1,2.1,0.7,10.2,20.6,,-0.2,0.6,0.5,0.03,,-2.2,-0.7,-2.9,-0.2,beaslma01,0
36,Malik Beasley,SG,23,MIN,14,463,16.2,0.591,0.494,0.12,2,14.7,8.1,9.8,0.9,0.4,7.9,23.7,,0.5,0.2,0.8,0.079,,1.7,-2.4,-0.7,0.2,beaslma01,0
37,Marco Belinelli,SG,33,SAS,57,883,10.8,0.532,0.567,0.185,0.9,11.2,6,10.7,0.6,0.1,5.3,17.5,,0.7,0.2,0.8,0.046,,-0.7,-2,-2.7,-0.2,belinma01,0
38,Jordan Bell,C,25,TOT,29,256,13.9,0.577,0.179,0.463,12,21.8,16.7,8.9,0.5,3.2,20.7,16.4,,0.2,0.2,0.4,0.07,,-1.4,-1.1,-2.5,0,belljo01,0
38,Jordan Bell,C,25,MIN,27,235,14.1,0.57,0.15,0.483,12.1,23.3,17.5,8.6,0.4,3.5,19.8,15.9,,0.2,0.2,0.4,0.072,,-1.5,-1.1,-2.6,0,belljo01,0
38,Jordan Bell,C,25,MEM,2,21,12.6,0.635,0.429,0.286,10.2,4.9,7.5,12.9,2.2,0,27.6,21.6,,0,0,0,0.047,,-0.9,-0.8,-1.6,0,belljo01,0
39,DeAndre' Bembry,SG,25,ATL,43,915,9.6,0.5,0.285,0.211,3.9,14.1,8.9,12.3,2.8,1.7,19.4,14,,-0.5,0.8,0.2,0.012,,-3.5,1.1,-2.5,-0.1,bembrde01,0
40,Dragan Bender,PF-C,22,TOT,16,286,10.9,0.545,0.467,0.152,5.9,21.1,13.5,14.4,0.7,2.8,17.6,17.7,,0,0.3,0.3,0.052,,-3.1,0.2,-2.9,-0.1,bendedr01,0
40,Dragan Bender,C,22,MIL,7,91,8.4,0.582,0.429,0.143,0,20.5,10.9,12.5,0,4.8,18.3,12.4,,0,0.2,0.2,0.105,,-4.4,3.2,-1.2,0,bendedr01,0
40,Dragan Bender,PF,22,GSW,9,195,12.1,0.534,0.479,0.155,8.6,21.3,14.7,15.2,1,1.8,17.4,20.1,,0,0.1,0.1,0.027,,-2.5,-1.2,-3.7,-0.1,bendedr01,0
41,Dāvis Bertāns,PF,27,WAS,54,1583,15.5,0.628,0.774,0.2,2.3,15.1,8.5,8.4,1.1,1.8,8.2,19,,3,0.5,3.5,0.107,,2.7,-1.8,0.9,1.1,bertada01,0
42,Patrick Beverley,PG,31,LAC,51,1342,12.5,0.56,0.604,0.138,4.5,15.8,10.3,18.2,1.9,1.6,15.4,13.3,,1.6,2,3.6,0.128,,-0.3,2.5,2.2,1.4,beverpa01,0
43,Khem Birch,C,27,ORL,48,922,11.7,0.566,0.007,0.706,10.3,15.6,12.9,7.3,1.1,2.3,14.2,10.2,,1.2,0.9,2.2,0.112,,-2.5,0.2,-2.4,-0.1,birchkh01,0
44,Goga Bitadze,C,20,IND,54,471,12.1,0.523,0.28,0.22,5.9,18.7,12.3,6.7,1,6.9,14.5,17.9,,-0.1,0.8,0.7,0.067,,-4.1,1.8,-2.3,0,bitadgo01,0
45,Bismack Biyombo,C,27,CHO,53,1029,16.1,0.57,0,0.543,12.3,20.7,16.3,7.8,0.5,4.4,12.2,16.8,,1.5,0.9,2.4,0.113,,-1.8,-0.7,-2.5,-0.1,biyombi01,0
46,Nemanja Bjelica,PF,31,SAC,72,2011,15.7,0.602,0.49,0.129,6.1,19.9,12.8,14.7,1.5,1.9,12.5,17,,3.4,1.9,5.3,0.127,,1.2,0.5,1.8,1.9,bjeline01,0
47,Eric Bledsoe,PG,30,MIL,61,1646,17.6,0.571,0.306,0.304,2.8,13.5,8.5,28.7,1.6,1.4,15.7,23.7,,2.4,3,5.4,0.157,,0.8,1,1.8,1.6,bledser01,0
48,Bogdan Bogdanović,SG,27,SAC,61,1766,15.2,0.565,0.576,0.151,1.6,11.8,6.6,18,1.8,0.8,11.1,22.6,,1.8,1.3,3.1,0.084,,1.2,-0.5,0.6,1.2,bogdabo01,0
49,Bojan Bogdanović,SF,30,UTA,63,2083,15.6,0.603,0.489,0.296,2.1,11.2,6.8,10,0.8,0.3,13.1,25.5,,2.6,1.6,4.2,0.096,,1.6,-1.5,0.1,1.1,bogdabo02,0
50,Bol Bol,PF,20,DEN,7,87,14.4,0.617,0.321,0.357,6.4,18,12.2,9.8,1.1,6.4,23.6,21.2,,0,0.1,0.1,0.063,,-2.3,-0.7,-3,0,bolbo01,0
51,Jonah Bolden,C,24,TOT,7,47,4.9,0.392,0.364,0.364,7,14.3,10.6,0,3,3.7,13.6,13.4,,-0.1,0.1,0,-0.006,,-8.8,-0.4,-9.2,-0.1,boldejo01,0
51,Jonah Bolden,C,24,PHI,4,14,-2,0.515,0.333,0.667,0,7.9,3.9,0,3.5,0,34,18.1,,-0.1,0,0,-0.15,,-14.1,-0.7,-14.7,0,boldejo01,0
51,Jonah Bolden,C,24,PHO,3,33,7.9,0.338,0.375,0.25,10,17,13.5,0,2.9,5.3,0,11.4,,0,0.1,0,0.054,,-6.6,-0.3,-6.9,0,boldejo01,0
52,Marques Bolden,C,21,CLE,1,3,19.8,,,,0,74.7,37,0,16.2,0,,0,,0,0,0,0.282,,-5.8,11.3,5.4,0,boldema01,0
53,Jordan Bone,PG,22,DET,10,53,0.8,0.3,0.5,0,0,8.7,4.3,21,0.9,0,9.1,18.1,,-0.1,0,-0.1,-0.117,,-9.1,-2.8,-11.9,-0.1,bonejo01,0
54,Isaac Bonga,SF,20,WAS,66,1250,10.2,0.608,0.303,0.363,6,13.8,9.7,7.9,1.7,1.5,17.6,11,,1.2,0.6,1.8,0.068,,-2.7,-0.1,-2.8,-0.3,bongais01,0
55,Devin Booker,SG,23,PHO,70,2512,20.6,0.618,0.31,0.397,1.3,12,6.6,30,0.9,0.6,14.9,30,,6,1.5,7.5,0.143,,3.4,-1.3,2.2,2.6,bookede01,0
56,Chris Boucher,C,27,TOR,62,819,20.7,0.587,0.395,0.388,14.1,21.4,17.9,4.8,1.3,7.3,7.4,19.7,,2.1,1.8,3.8,0.224,,1,1,2,0.8,bouchch01,0
57,Brian Bowen,SF,21,IND,6,31,0.1,0.3,0.2,0,3.6,21,12.4,0,0,2.8,9.1,15.6,,-0.1,0,-0.1,-0.107,,-9.1,-1.8,-10.9,-0.1,bowenbr02,0
58,Ky Bowman,PG,22,GSW,45,1015,9.1,0.494,0.333,0.128,2.5,10.7,6.5,19.4,2.1,0.9,17.1,17.2,,-0.6,0.6,-0.1,-0.003,,-4,-0.3,-4.3,-0.6,bowmaky01,0
59,Avery Bradley,SG,29,LAL,49,1186,8.9,0.537,0.452,0.063,1.7,8.9,5.3,7.2,1.7,0.4,10.7,15.7,,0.2,1.4,1.5,0.062,,-3,0.5,-2.5,-0.2,bradlav01,0
60,Tony Bradley,C,22,UTA,58,663,21.7,0.681,0.016,0.243,19.1,25,22.2,5.4,1,4.1,12.5,15.8,,2.2,1.1,3.3,0.236,,1,0.3,1.3,0.6,bradlto01,0
61,Jarrell Brantley,PF,23,UTA,9,96,8,0.416,0.464,0.071,2.4,19.9,11.5,15.8,1.5,4.3,19.5,16.3,,-0.2,0.1,0,-0.006,,-5.3,0.7,-4.6,-0.1,brantja01,0
62,Ignas Brazdeikis,SF,21,NYK,9,53,3.2,0.351,0.409,0.227,3.9,6.2,5,10.6,0,1.8,7.6,21,,-0.1,0,-0.1,-0.108,,-5.1,-3.9,-9,-0.1,brazdig01,0
63,Corey Brewer,PF,33,SAC,5,33,8.7,0.47,0.25,0.75,6.7,21,13.6,7.7,5.9,0,27.3,9.6,,0,0.1,0,0.064,,-6,2.8,-3.2,0,breweco01,0
64,Mikal Bridges,SF,23,PHO,73,2042,12.9,0.62,0.401,0.252,3.5,12.4,7.9,8.6,2.4,2,12,12.7,,2.5,2.3,4.8,0.113,,-0.6,1.5,0.8,1.5,bridgmi01,0
65,Miles Bridges,SF,21,CHO,65,1995,12.1,0.52,0.398,0.174,4.6,15.6,9.9,9.4,1,2.2,10.5,20,,0.3,1.3,1.6,0.039,,-1.5,-1,-2.5,-0.3,bridgmi02,0
66,Oshae Brissett,SF,21,TOR,19,135,6.7,0.458,0.417,0.278,7.2,13,10.2,7,1.4,0.7,14.8,15,,-0.1,0.2,0.1,0.043,,-5.8,0.4,-5.3,-0.1,brissos01,0
67,Ryan Broekhoff,SF,29,DAL,17,180,13.1,0.568,0.864,0.136,3,21.9,12.5,8.3,1.3,1.9,8.8,16.3,,0.2,0.2,0.4,0.109,,0.5,0.3,0.8,0.1,broekry01,0
68,Malcolm Brogdon,PG,27,IND,54,1666,17.7,0.541,0.309,0.25,3.1,14.1,8.6,33.8,1,0.5,13.7,25.2,,2.3,1.7,4,0.114,,2.3,-0.5,1.8,1.6,brogdma01,0
69,Dillon Brooks,SG,24,MEM,73,2112,11.3,0.51,0.385,0.19,3.5,8.6,6.1,10.5,1.4,1.1,9.7,25.2,,-0.4,1.6,1.2,0.027,,-2.7,-1.4,-4.1,-1.1,brookdi01,0
70,Bruce Brown,PG,23,DET,58,1634,11.9,0.518,0.215,0.266,4.2,15,9.5,20.4,1.9,1.5,16.7,16,,0.7,1.4,2.1,0.062,,-2,0.8,-1.2,0.3,brownbr01,0
71,Charlie Brown Jr.,SG,22,ATL,10,40,11,0.472,0.474,0.263,5.3,5.5,5.4,7.3,2.3,4.2,12.4,25.1,,0,0,0,-0.028,,-1.2,-1.4,-2.5,0,brownch02,0
72,Jaylen Brown,SG,23,BOS,57,1934,16.9,0.583,0.381,0.274,3.5,16.5,10.1,9.7,1.6,1,11.2,24.7,,2.3,2.6,4.9,0.123,,1,-0.2,0.8,1.4,brownja02,0
73,Moses Brown,C,20,POR,9,33,6.7,0.407,0,0.8,9.6,34.5,22.2,4,1.4,2.6,18.2,21.2,,-0.1,0,0,-0.065,,-8.2,-1.8,-10,-0.1,brownmo01,0
74,Sterling Brown,SF,24,MIL,52,767,9.5,0.486,0.531,0.156,4.3,18.5,11.8,8.6,1.7,0.8,13.3,17,,-0.4,1.5,1.1,0.07,,-3,1,-2,0,brownst02,0
75,Troy Brown Jr.,SF,20,WAS,69,1782,13.7,0.524,0.288,0.223,4.5,19.6,11.7,14.1,2.2,0.3,10.4,17.8,,1.3,1.2,2.4,0.065,,-0.8,-0.4,-1.2,0.3,browntr01,0
76,Jalen Brunson,PG,23,DAL,57,1022,14.9,0.553,0.309,0.193,2.3,11.3,6.9,27,1,0.3,13.6,20.4,,1.6,0.6,2.1,0.101,,0.1,-1,-0.9,0.3,brunsja01,0
77,Thomas Bryant,C,22,WAS,46,1147,21.1,0.649,0.218,0.278,9,23.1,15.8,11.1,1,3.7,10.2,18.9,,3.1,0.8,3.9,0.164,,2.9,-0.7,2.2,1.2,bryanth01,0
78,Reggie Bullock,SG,28,NYK,29,684,9.3,0.502,0.496,0.094,2,8.8,5.3,8.8,1.8,0.4,7.5,15.6,,0.2,0.3,0.5,0.036,,-2.8,-0.3,-3,-0.2,bullore01,0
79,Trey Burke,PG,27,TOT,33,520,15.6,0.548,0.359,0.139,3.4,7,5.2,23.7,1.5,0.3,8.7,20,,1,0.4,1.3,0.123,,0.8,-1,-0.2,0.2,burketr01,0
79,Trey Burke,PG,27,PHI,25,329,15.4,0.545,0.299,0.142,5,6.7,5.9,23.9,1,0.3,8.2,19.2,,0.6,0.2,0.9,0.127,,0.7,-1.2,-0.5,0.1,burketr01,0
79,Trey Burke,PG,27,DAL,8,191,16,0.553,0.451,0.134,0.6,7.6,4.1,23.2,2.3,0.4,9.4,21.4,,0.3,0.2,0.5,0.117,,1,-0.8,0.2,0.1,burketr01,0
80,Alec Burks,SF-SG,28,TOT,66,1754,16.7,0.561,0.392,0.345,2.9,14.9,8.7,17.2,1.7,0.9,9.3,23.8,,2.5,1.2,3.7,0.101,,1.2,-0.7,0.5,1.1,burksal01,0
80,Alec Burks,SF,28,GSW,48,1390,16.1,0.552,0.373,0.373,2.8,15.3,8.8,17.4,1.7,1.1,9.8,23.8,,1.6,0.9,2.5,0.085,,0.7,-0.6,0.1,0.7,burksal01,0
80,Alec Burks,SG,28,PHI,18,364,19,0.594,0.461,0.246,3.3,13.7,8.5,16.3,1.6,0,7.5,23.7,,0.9,0.4,1.2,0.161,,3.1,-1.1,2,0.4,burksal01,0
81,Deonte Burton,SF,26,OKC,39,356,4.3,0.396,0.424,0.112,2.2,15.1,8.8,6.8,1,2.4,12.7,18.5,,-0.9,0.4,-0.5,-0.067,,-6.3,-0.5,-6.8,-0.4,burtode02,0
82,Jimmy Butler,SF,30,MIA,58,1959,23.6,0.585,0.157,0.693,6.3,15.4,11,28.1,2.6,1.6,11.4,25.1,,6.3,2.7,9,0.221,,4,1.5,5.4,3.7,butleji01,0
83,Bruno Caboclo,C,24,TOT,30,244,14.1,0.484,0.371,0.101,10,15.8,12.9,6.8,2.9,6.1,12.3,18,,0,0.4,0.4,0.076,,-3,0.9,-2.1,0,cabocbr01,0
83,Bruno Caboclo,C,24,MEM,22,192,11.9,0.441,0.362,0.043,9.5,14.5,12.1,7.1,2.4,5.5,9.1,16.8,,-0.1,0.3,0.2,0.053,,-3.4,0.7,-2.7,0,cabocbr01,0
83,Bruno Caboclo,C,24,HOU,8,52,22.1,0.618,0.4,0.3,12,20.3,16.1,5.9,4.4,8.2,20.9,22.8,,0,0.1,0.2,0.162,,-1.4,1.6,0.2,0,cabocbr01,0
84,Devontae Cacok,C,23,LAL,1,9,28.6,0.5,0,0,24.6,36.1,30.4,20.3,0,0,0,28.1,,0,0,0,0.226,,4.8,-4.6,0.2,0,cacokde01,0
85,Kentavious Caldwell-Pope,SG,26,LAL,69,1762,11,0.584,0.471,0.201,2.4,6.4,4.4,8.5,1.5,0.7,10.1,14.7,,1.9,1.9,3.7,0.102,,-1.2,0.4,-0.8,0.5,caldwke01,0
86,Vlatko Čančar,PF,22,DEN,14,45,11.4,0.507,0.4,0.267,12.5,12.4,12.4,9.1,1.1,2.1,15.2,19.1,,0,0,0.1,0.062,,-3.6,-1.2,-4.8,0,cancavl01,0
87,Clint Capela,C,25,HOU,39,1279,20.6,0.626,0,0.268,13.6,30.5,22,5.7,1.2,4.8,12.7,16.1,,2.8,2.1,4.9,0.184,,1,0.4,1.4,1.1,capelca01,0
88,DeMarre Carroll,SF-C,33,TOT,24,290,9.1,0.515,0.5,0.636,4.4,15.8,10.1,11.2,1.3,1.5,16.8,14.8,,0,0.2,0.3,0.045,,-3.1,-0.7,-3.9,-0.1,carrode01,0
88,DeMarre Carroll,SF,33,SAS,15,135,4.9,0.437,0.448,0.69,5.6,19.2,12.4,10.1,0.7,1.3,20.9,15.3,,-0.2,0.1,-0.1,-0.036,,-5.9,-1.1,-7,-0.2,carrode01,0
88,DeMarre Carroll,C,33,HOU,9,155,12.8,0.578,0.541,0.595,3.3,13,8.1,12.2,1.8,1.7,13,14.3,,0.2,0.2,0.4,0.114,,-0.7,-0.4,-1.1,0,carrode01,0
89,Jevon Carter,PG,24,PHO,58,945,11.3,0.563,0.601,0.111,3.5,10.5,6.9,11.9,2.4,1.6,11.2,12.9,,0.8,1,1.8,0.093,,-0.7,1.3,0.6,0.6,carteje01,0
90,Vince Carter*,PF,43,ATL,60,876,7.5,0.47,0.664,0.095,2.2,13.2,7.6,7.7,1.2,2.4,9.4,16.6,,-0.6,0.4,-0.2,-0.011,,-3.1,-1.2,-4.3,-0.5,cartevi01,0
91,Wendell Carter Jr.,C,20,CHI,43,1256,15.5,0.59,0.085,0.443,11.6,24.6,17.8,6,1.3,2.7,14.9,16.4,,1.7,1.6,3.3,0.127,,-2.1,-0.3,-2.4,-0.1,cartewe01,0
92,Michael Carter-Williams,SG,28,ORL,45,833,15.3,0.535,0.288,0.365,5.8,13.5,9.5,19.1,2.9,2.4,14.7,18.3,,0.7,1.2,1.9,0.111,,-1.5,1.6,0.1,0.5,cartemi01,0
93,Alex Caruso,PG,25,LAL,64,1175,10.8,0.525,0.412,0.323,1.6,9.8,5.7,13.6,2.8,1.4,13.8,13.8,,0.5,1.8,2.3,0.095,,-2.6,2.4,-0.2,0.5,carusal01,0
94,Willie Cauley-Stein,C,26,TOT,54,1097,17,0.589,0.003,0.219,8,23.3,15.5,9.9,2.1,5,10.8,14.4,,1.5,1.5,2.9,0.128,,-1.2,1.7,0.5,0.7,caulewi01,0
94,Willie Cauley-Stein,C,26,GSW,41,940,16.2,0.573,0,0.222,7.9,22,14.7,9.9,2.3,4.8,11,14.4,,1,1.2,2.2,0.113,,-1.6,1.6,0,0.5,caulewi01,0
94,Willie Cauley-Stein,C,26,DAL,13,157,22.2,0.684,0.022,0.2,8.8,31,20.1,9.6,1.2,6,9.3,14.7,,0.5,0.3,0.7,0.222,,0.9,2.2,3.1,0.2,caulewi01,0
95,Tyson Chandler,C,37,HOU,26,219,10.8,0.717,0,0.722,11.8,19.8,15.8,3.5,1.3,3.1,25.2,6,,0.3,0.3,0.6,0.131,,-2.6,1.1,-1.5,0,chandty01,0
96,Wilson Chandler,PF,32,BRK,35,734,7.4,0.531,0.661,0.126,1.6,18.5,10.2,7.3,1,1.4,15,12.9,,-0.1,0.9,0.7,0.046,,-3.7,1,-2.7,-0.1,chandwi01,0
97,Joe Chealey,PG,24,CHO,4,33,-2.9,0.127,0.571,0.286,0,0,0,3.9,6.1,0,20.2,13.2,,-0.2,0,-0.1,-0.188,,-14.3,1.7,-12.5,-0.1,chealjo01,0
98,Zylan Cheatham,PF,24,NOP,4,51,6.7,0.667,0.111,0,6.2,12.5,9.4,7.7,0.9,1.6,30.8,10.4,,0,0,0,0.034,,-6.6,-0.5,-7.2,-0.1,cheatzy01,0
99,Chris Chiozza,PG,24,TOT,28,401,12,0.499,0.514,0.036,2.4,11.6,6.9,29.4,2.5,0.9,18.4,18.1,,0,0.4,0.5,0.055,,-1.6,0.5,-1.2,0.1,chiozch01,0
99,Chris Chiozza,PG,24,WAS,10,123,9.2,0.397,0.471,0,0,13.9,6.7,29.2,3.8,1.4,20.9,14.5,,-0.1,0.1,0,-0.001,,-3.6,2.2,-1.5,0,chiozch01,0
99,Chris Chiozza,PG,24,BRK,18,278,13.2,0.531,0.528,0.047,3.4,10.6,7.1,29.5,1.9,0.6,17.5,19.7,,0.2,0.3,0.5,0.08,,-0.8,-0.3,-1.1,0.1,chiozch01,0
100,Marquese Chriss,PF,22,GSW,59,1196,19.5,0.604,0.101,0.405,10,23.6,16.5,15.3,1.6,4.7,14.7,19,,2.1,1.3,3.4,0.136,,0,0.6,0.6,0.8,chrisma01,0
101,Gary Clark,SF-PF,25,TOT,42,567,10.7,0.568,0.835,0.075,6.8,14,10.3,4.1,0.5,3.4,6.8,11,,0.7,0.5,1.2,0.1,,-0.9,-0.9,-1.9,0,clarkga01,0
101,Gary Clark,PF,25,HOU,18,212,11.8,0.564,0.864,0.119,5.4,14.5,9.9,7.7,0.4,2.8,3.1,12.5,,0.4,0.2,0.5,0.123,,0.3,-0.9,-0.6,0.1,clarkga01,0
101,Gary Clark,SF,25,ORL,24,355,10.1,0.571,0.811,0.041,7.6,13.8,10.6,1.9,0.5,3.8,9.6,10.1,,0.3,0.3,0.6,0.087,,-1.7,-0.9,-2.6,-0.1,clarkga01,0
102,Brandon Clarke,PF,23,MEM,58,1300,20.9,0.663,0.134,0.234,7.6,20.1,14,9.5,1.1,3.2,9.4,18.7,,3.4,1.6,5,0.183,,2.4,0.7,3.1,1.7,clarkbr01,0
103,Jordan Clarkson,SG,27,TOT,71,1705,17.3,0.574,0.476,0.19,3.3,8.7,6.1,13.2,1.3,0.8,9.4,26.3,,2.4,1,3.4,0.096,,2.4,-1.3,1.1,1.3,clarkjo01,0
103,Jordan Clarkson,SG,27,CLE,29,666,18.6,0.581,0.488,0.264,3.5,8.1,5.8,17,1.2,1,9.7,25.9,,1.4,0.1,1.5,0.107,,4.1,-1.4,2.7,0.8,clarkjo01,0
103,Jordan Clarkson,SG,27,UTA,42,1039,16.5,0.569,0.47,0.146,3.2,9.1,6.3,10.8,1.4,0.6,9.2,26.7,,1,0.9,1.9,0.089,,1.3,-1.2,0,0.5,clarkjo01,0
104,Nic Claxton,C,20,BRK,15,187,14.8,0.577,0.146,0.438,10.7,13.6,12.2,12.4,0.3,3.6,13.6,14.8,,0.3,0.2,0.5,0.121,,-0.7,0.1,-0.7,0.1,claxtni01,0
105,Chris Clemons,SG,22,HOU,33,291,13.1,0.548,0.754,0.077,1.4,9.4,5.4,14.3,1.4,1.8,11.5,23.6,,0.1,0.2,0.4,0.058,,0.3,-1.3,-1,0.1,clemoch01,0
106,Antonius Cleveland,SG,25,DAL,11,46,2.5,0.34,0.214,0.357,4.6,11.3,8,2.8,1.1,5.6,11,16.9,,-0.1,0,-0.1,-0.076,,-9,-1,-10.1,-0.1,clevean01,0
107,Amir Coffey,SG,22,LAC,18,159,8.5,0.493,0.352,0.204,2.7,7.6,5.2,12.3,1.5,1.1,12,17.6,,0,0.2,0.1,0.041,,-4.3,0.1,-4.1,-0.1,coffeam01,0
108,John Collins,PF,22,ATL,41,1363,23.5,0.659,0.243,0.248,9,24,16.4,7.6,1.1,4.1,10.1,22.7,,3.8,1.2,4.9,0.174,,3.7,-0.6,3.1,1.7,collijo01,0
109,Zach Collins,PF,22,POR,11,290,9.9,0.538,0.279,0.118,9.1,15.7,12.4,7.2,0.8,1.5,16.4,12.5,,0.2,0.1,0.3,0.052,,-1.7,-1.4,-3.1,-0.1,colliza01,0
110,Mike Conley,PG,32,UTA,47,1363,14.1,0.537,0.451,0.245,2.8,9.2,6.1,23.1,1.3,0.3,12.8,23.1,,1.4,1.1,2.5,0.089,,0.7,-0.4,0.3,0.8,conlemi01,0
111,Pat Connaughton,SG,27,MIL,67,1243,11.5,0.565,0.551,0.133,5.1,16.8,11.3,10.9,0.9,2.2,14,12.3,,1.1,2.3,3.4,0.13,,-0.9,1.5,0.6,0.8,connapa01,0
112,Quinn Cook,PG,26,LAL,44,508,10,0.509,0.397,0.065,2.4,8.5,5.5,13.8,1.1,0.4,13,21,,-0.2,0.5,0.3,0.03,,-2.3,-1.4,-3.8,-0.2,cookqu01,0
113,Tyler Cook,PF-SF,22,TOT,13,54,19.4,0.741,0,0.667,12.3,16.6,14.4,2.9,2.7,0,16.2,14.7,,0.2,0,0.2,0.182,,0.3,-0.5,-0.2,0,cookty01,0
113,Tyler Cook,PF,22,CLE,11,35,23.9,0.752,0,0.6,12.6,19.2,15.9,4.5,1.4,0,7.3,16.7,,0.2,0,0.2,0.244,,2.9,-0.6,2.3,0,cookty01,0
113,Tyler Cook,SF,22,DEN,2,19,11.3,0.694,0,1,11.8,11.8,11.8,0,5.2,0,41,11.2,,0,0,0,0.069,,-4.4,-0.4,-4.8,0,cookty01,0
114,Robert Covington,PF-C,29,TOT,70,2137,13.3,0.559,0.664,0.172,3,20.2,11.4,5.9,2.5,3.7,11.7,17,,0.7,3,3.7,0.083,,-1.2,1.3,0,1.1,covinro01,0
114,Robert Covington,PF,29,MIN,48,1411,13.5,0.572,0.629,0.19,2.6,19.5,10.7,5.9,2.6,2.6,12,17.8,,0.5,1.8,2.3,0.078,,-1.2,1.2,0,0.7,covinro01,0
114,Robert Covington,C,29,HOU,22,726,13.1,0.531,0.74,0.132,3.9,21.7,12.7,6.1,2.2,5.7,11.1,15.4,,0.2,1.2,1.4,0.094,,-1.2,1.4,0.2,0.4,covinro01,0
115,Allen Crabbe,SG-SF,27,TOT,37,653,6,0.47,0.672,0.079,1.8,11,6.3,6.8,1.1,0.5,8.5,12.7,,-0.2,0.2,-0.1,-0.007,,-3.7,-1.5,-5.3,-0.5,crabbal01,0
115,Allen Crabbe,SG,27,ATL,28,522,7.2,0.482,0.65,0.084,2,11.5,6.7,7.3,1.3,0.6,7.5,12.7,,-0.1,0.1,0.1,0.009,,-3.1,-1.1,-4.1,-0.3,crabbal01,0
115,Allen Crabbe,SF,27,MIN,9,131,1.1,0.416,0.765,0.059,0.8,9.2,4.8,5.1,0,0,12.5,12.5,,-0.2,0,-0.2,-0.068,,-6.4,-3.3,-9.7,-0.3,crabbal01,0
116,Torrey Craig,SF,29,DEN,58,1072,10.8,0.553,0.513,0.134,6.6,13.2,9.9,5.9,1.1,3.1,8.1,12.6,,1.1,0.9,2,0.091,,-2,-0.3,-2.3,-0.1,craigto01,0
117,Jamal Crawford,SG,39,BRK,1,6,33.2,0.625,0.5,0,0,0,0,100,0,0,0,27.9,,0.1,0,0.1,0.492,,12.4,2.6,15,0,crawfja01,0
118,Jae Crowder,SF-PF,29,TOT,65,1875,12.5,0.553,0.7,0.222,3,18.5,11,11.5,1.8,1.2,10,15.5,,1.6,2.2,3.8,0.098,,-0.5,0.4,-0.1,0.9,crowdja01,0
118,Jae Crowder,SF,29,MEM,45,1322,11,0.507,0.667,0.238,3.2,18.5,11,12.2,1.7,0.9,10.9,15.6,,0.5,1.4,1.9,0.069,,-1.4,0.2,-1.2,0.3,crowdja01,0
118,Jae Crowder,PF,29,MIA,20,553,16.3,0.669,0.78,0.183,2.5,18.5,10.8,9.7,2.2,1.8,7.8,15.3,,1.2,0.8,1.9,0.169,,1.8,0.8,2.5,0.6,crowdja01,0
119,Jarrett Culver,SG,20,MIN,63,1506,9.6,0.467,0.388,0.206,4.7,10.3,7.4,10.8,1.8,2.1,11.5,19.2,,-1.2,1.1,-0.1,-0.004,,-3.3,-0.7,-4,-0.8,culveja01,0
120,Seth Curry,SG,29,DAL,64,1576,15.5,0.643,0.559,0.169,1.8,7.8,4.8,11.6,1.2,0.5,9.1,18.4,,3.5,0.8,4.3,0.13,,1.7,-0.9,0.8,1.2,curryse01,0
121,Stephen Curry,PG,31,GSW,5,139,21.7,0.557,0.598,0.317,3,17.8,10.1,42.3,1.7,1.3,14.6,33.6,,0.2,0.1,0.3,0.103,,4.5,-0.6,3.9,0.2,curryst01,0
122,Troy Daniels,SG,28,TOT,47,532,8.4,0.518,0.71,0.086,2.5,8.2,5.4,4.3,1,0.5,5.9,16.3,,0.1,0.5,0.6,0.056,,-1.7,-1.2,-2.9,-0.1,danietr01,0
122,Troy Daniels,SG,28,LAL,41,456,9,0.527,0.709,0.101,2.9,8.1,5.5,4.1,0.8,0.6,5.2,16.1,,0.2,0.4,0.7,0.069,,-1.2,-1.1,-2.2,0,danietr01,0
122,Troy Daniels,SG,28,DEN,6,76,5.3,0.464,0.714,0,0,8.8,4.4,5.4,2,0,9.7,17.7,,-0.1,0.1,0,-0.025,,-4.8,-2.4,-7.2,-0.1,danietr01,0
123,Anthony Davis,PF,26,LAL,62,2131,27.4,0.61,0.199,0.479,7.4,22.1,14.8,15.1,2,6,10.4,29.3,,6.7,4.4,11.1,0.25,,5.4,2.6,8,5.4,davisan02,0
124,Ed Davis,C,30,UTA,28,303,9.5,0.489,0,0.304,13.2,24.6,19.1,5.2,1.8,2.5,20,9.4,,0.2,0.5,0.6,0.102,,-4.6,1.5,-3.2,-0.1,davised01,0
125,Terence Davis,SG,22,TOR,72,1209,13.8,0.588,0.555,0.135,4.5,16,10.3,14.2,1.5,1.1,14.1,19,,1.2,1.9,3.1,0.122,,0.1,0.7,0.8,0.8,daviste02,0
126,Dewayne Dedmon,C,30,TOT,44,774,9.4,0.473,0.42,0.141,8.5,27.6,17.8,4,1.5,4.8,17.4,18.1,,-1,1,0.1,0.005,,-5.8,0,-5.8,-0.7,dedmode01,0
126,Dewayne Dedmon,C,30,SAC,34,541,8.5,0.477,0.415,0.164,9.3,25.8,17.4,3.9,1.3,4.6,20.4,18.5,,-0.8,0.7,-0.1,-0.007,,-6.3,-0.1,-6.4,-0.6,dedmode01,0
126,Dewayne Dedmon,C,30,ATL,10,233,11.4,0.463,0.429,0.095,6.4,31.8,18.9,4.3,2,5.4,10.3,17.4,,-0.2,0.3,0.2,0.032,,-4.6,0.1,-4.5,-0.1,dedmode01,0
127,Matthew Dellavedova,PG,29,CLE,57,821,8.1,0.463,0.52,0.211,2.4,7.8,5.1,29,1.2,0.2,23.6,13,,0.1,0.1,0.2,0.011,,-3.6,-1.6,-5.2,-0.7,dellama01,0
128,DeMar DeRozan,SF,30,SAS,68,2316,21.6,0.603,0.033,0.43,2,15.4,8.7,26.1,1.4,0.8,11.6,26.3,,5.9,1.3,7.3,0.151,,2.3,-0.4,1.9,2.3,derozde01,0
129,Cheick Diallo,C,23,PHO,47,479,16.5,0.688,0.021,0.275,6.9,23.7,15.2,6.9,1.1,2.2,16.7,17,,0.8,0.5,1.3,0.132,,-1.1,-0.2,-1.3,0.1,diallch01,0
130,Hamidou Diallo,SF,21,OKC,46,896,9.3,0.491,0.193,0.213,5.6,14.7,10.3,5.9,2,0.9,13.6,18.4,,-0.7,1.1,0.4,0.022,,-4.2,0.3,-3.9,-0.4,diallha01,0
131,Gorgui Dieng,C,30,TOT,63,1096,17.1,0.568,0.418,0.277,8.5,25.8,17,9.7,2.2,4.5,12.8,17.6,,1.3,1.7,2.9,0.129,,-0.2,1.8,1.5,1,dienggo01,0
131,Gorgui Dieng,C,30,MIN,46,778,17.8,0.563,0.433,0.213,9.5,25.8,17.4,11.1,2.2,4.5,12.7,18.4,,0.9,1.1,2.1,0.129,,0.3,1.5,1.8,0.7,dienggo01,0
131,Gorgui Dieng,C,30,MEM,17,318,15.5,0.583,0.368,0.483,6.1,26,16.2,6.3,2.1,4.7,13.2,15.9,,0.3,0.6,0.9,0.13,,-1.5,2.5,1,0.2,dienggo01,0
132,Spencer Dinwiddie,PG,26,BRK,64,1994,17.8,0.541,0.392,0.437,1.7,9.6,5.7,35,0.9,0.9,12.5,29.2,,3.2,1.6,4.8,0.116,,2.7,-0.9,1.8,1.9,dinwisp01,0
133,Donte DiVincenzo,SG,23,MIL,66,1520,14.1,0.557,0.484,0.169,4.6,15.5,10.3,13.6,2.6,1.2,14.1,17.3,,1,3.2,4.3,0.135,,-1.1,2.4,1.3,1.3,divindo01,0
134,Luka Dončić,PG,20,DAL,61,2047,27.6,0.585,0.431,0.448,4.1,25,14.7,45.7,1.5,0.6,14.8,36.8,,6.5,2.3,8.8,0.207,,7.4,1,8.4,5.4,doncilu01,0
135,Luguentz Dort,SF,20,OKC,36,820,7.6,0.506,0.463,0.243,3.3,7.5,5.5,4.6,1.8,0.4,8.4,14.1,,0.1,0.8,0.8,0.049,,-4.1,0.4,-3.7,-0.4,dortlu01,0
136,Damyean Dotson,SG,25,NYK,48,836,10.9,0.527,0.562,0.114,1.2,10.6,5.8,10,1.3,0.5,6.5,16.5,,0.6,0.4,0.9,0.053,,-0.9,-0.5,-1.4,0.1,dotsoda01,0
137,Sekou Doumbouya,PF,19,DET,38,754,6.2,0.474,0.415,0.195,3,14.9,8.9,3.6,1.3,0.9,12,16.9,,-0.8,0.5,-0.3,-0.02,,-5.2,-1.4,-6.7,-0.9,doumbse01,0
138,PJ Dozier,SG,23,DEN,29,412,11.6,0.495,0.312,0.185,2.7,12.2,7.5,21.6,1.7,1.3,13.7,20.8,,0,0.4,0.4,0.044,,-2.5,-1.2,-3.8,-0.2,doziepj01,0
139,Goran Dragić,PG,33,MIA,59,1663,16.3,0.573,0.467,0.34,2,10.2,6.3,29.2,1.2,0.6,14.8,25.9,,2.2,1.3,3.5,0.102,,1.4,-1.6,-0.1,0.8,dragigo01,0
140,Andre Drummond,C,26,TOT,57,1879,22,0.553,0.045,0.375,14.9,37.5,26,13.6,2.8,4.2,18.2,25.9,,0.6,3.6,4.2,0.108,,-0.1,1.1,0.9,1.4,drumman01,0
140,Andre Drummond,C,26,DET,49,1654,22.1,0.55,0.031,0.376,15.3,38.2,26.6,14,2.9,4.2,18,25.5,,0.7,3.3,4,0.116,,0,1.2,1.1,1.3,drumman01,0
140,Andre Drummond,C,26,CLE,8,225,21.1,0.573,0.133,0.371,11.7,32.4,22,10.8,2.6,4.2,19.2,28.7,,-0.1,0.3,0.3,0.053,,-0.9,0.4,-0.4,0.1,drumman01,0
141,Jared Dudley,PF,34,LAL,45,364,7.8,0.558,0.7,0.033,1.8,13.7,7.8,9.5,2,0.7,11.6,8,,0.3,0.5,0.8,0.102,,-2.7,2,-0.7,0.1,dudleja01,0
142,Kris Dunn,PG,25,CHI,51,1269,12.1,0.51,0.327,0.158,1.9,14.9,8.1,19.4,3.8,1.3,15.7,14.6,,0.3,2,2.3,0.085,,-3.8,3.1,-0.6,0.4,dunnkr01,0
143,Carsen Edwards,SG,21,BOS,37,351,6.9,0.444,0.594,0.148,1.9,12.4,7.2,9.3,1.7,1.1,9.9,18.4,,-0.3,0.4,0.1,0.014,,-4.4,-0.2,-4.6,-0.2,edwarca01,0
144,Henry Ellenson,C,23,BRK,5,15,-1.3,0.143,0.571,0,14.1,27,20.7,8.7,0,0,0,19.5,,-0.1,0,-0.1,-0.183,,-7.5,-3.4,-10.9,0,ellenhe01,0
145,Wayne Ellington,SG,32,NYK,36,558,8.5,0.509,0.822,0.075,0.7,12,6.2,11,1.1,0.7,9.1,15,,0.2,0.2,0.4,0.035,,-1.9,-1,-2.9,-0.1,ellinwa01,0
146,Joel Embiid,C,25,PHI,51,1506,25.8,0.59,0.215,0.543,10.3,33.2,21.7,16.9,1.4,3.7,13.8,32.9,,3.3,2.7,6,0.192,,3.7,1,4.7,2.5,embiijo01,0
147,James Ennis III,SF-SG,29,TOT,69,1265,11.5,0.565,0.471,0.273,6.1,15.3,10.6,7,1.3,1.5,12.6,15.7,,1,1.4,2.4,0.09,,-2.2,-0.4,-2.6,-0.2,ennisja01,0
147,James Ennis III,SF,29,PHI,49,776,12.3,0.564,0.469,0.27,6.8,14.5,10.7,7.3,1.4,1.5,10.9,15.7,,0.9,0.9,1.7,0.106,,-1.5,0,-1.5,0.1,ennisja01,0
147,James Ennis III,SG,29,ORL,20,489,10.3,0.566,0.474,0.278,4.9,16.4,10.5,6.5,1.2,1.5,15.3,15.6,,0.2,0.5,0.7,0.064,,-3.3,-1.1,-4.4,-0.3,ennisja01,0
148,Drew Eubanks,C,22,SAS,22,272,17.3,0.682,0.015,0.388,11.1,22.6,16.8,7.7,0.9,5.5,21.1,15.8,,0.5,0.3,0.8,0.134,,-1.4,-0.4,-1.8,0,eubandr01,0
149,Jacob Evans,SG,22,TOT,29,418,5.5,0.436,0.291,0.216,2.3,8.6,5.3,10.8,1.3,2.6,14.6,17.5,,-0.7,0.2,-0.5,-0.056,,-5.8,-1.3,-7.1,-0.5,evansja02,0
149,Jacob Evans,SG,22,GSW,27,414,5.6,0.439,0.286,0.218,2.3,8.7,5.4,10.9,1.3,2.6,14.6,17.6,,-0.6,0.2,-0.5,-0.054,,-5.7,-1.2,-7,-0.5,evansja02,0
149,Jacob Evans,SG,22,MIN,2,4,-9.6,0,1,0,0,0,0,0,0,0,0,10.3,,0,0,0,-0.263,,-10.5,-5.6,-16.1,0,evansja02,0
150,Dante Exum,SG,24,TOT,35,485,10.3,0.576,0.361,0.361,2.7,12.6,7.7,11.5,1.3,1.4,18.4,15,,0.2,0.2,0.4,0.043,,-2.5,-0.4,-2.9,-0.1,exumda01,0
150,Dante Exum,SG,24,UTA,11,83,4.8,0.503,0.261,0.087,4.1,11.5,8,11.9,0.6,2,29.5,17.8,,-0.2,0.1,-0.1,-0.056,,-5.2,-0.5,-5.7,-0.1,exumda01,0
150,Dante Exum,SG,24,CLE,24,402,11.5,0.592,0.385,0.427,2.5,12.8,7.6,11.4,1.5,1.3,15.6,14.4,,0.4,0.2,0.5,0.063,,-2,-0.4,-2.4,0,exumda01,0
151,Tacko Fall,C,24,BOS,7,33,28.4,0.751,0,0.214,3.3,44.9,24.3,5.8,1.5,11.2,16.4,23.7,,0.1,0.1,0.2,0.223,,0.4,6,6.5,0.1,fallta01,0
152,Derrick Favors,C,28,NOP,51,1243,18.5,0.62,0.021,0.209,13.9,28.9,21.4,9.2,1.1,3.1,12.9,14,,2.6,1.6,4.2,0.162,,0.7,0.3,1,0.9,favorde01,0
153,Cristiano Felício,C,27,CHI,22,386,12.8,0.671,0.037,0.426,15,14.1,14.6,5.7,1.2,0.5,21.9,9.1,,0.7,0.3,1,0.126,,-1.4,-1.7,-3.1,-0.1,feliccr01,0
154,Terrance Ferguson,SF,21,OKC,56,1257,3.7,0.481,0.764,0.091,2.1,4.4,3.3,5.3,1,1.2,11.9,9.1,,-0.3,0.9,0.6,0.021,,-4.8,0.3,-4.5,-0.8,fergute01,0
155,Bruno Fernando,C,21,ATL,56,713,11.9,0.542,0.186,0.256,10,20,15,9.9,1.2,2,15.9,15.3,,0.4,0.4,0.8,0.055,,-3.2,-0.9,-4.1,-0.4,fernabr01,0
156,Yogi Ferrell,PG,26,SAC,50,530,12.2,0.528,0.42,0.223,1.2,9.4,5.2,18.8,1.6,0.7,11.9,19.2,,0.3,0.3,0.7,0.06,,-1.5,-0.3,-1.8,0,ferreyo01,0
157,Dorian Finney-Smith,PF,26,DAL,71,2120,12.3,0.595,0.58,0.207,7.3,12.7,10,7.2,1,1.6,10.8,12.9,,3.3,1.5,4.9,0.11,,0.1,-0.3,-0.2,0.9,finnedo01,0
158,Bryn Forbes,SG,26,SAS,63,1579,11.1,0.57,0.656,0.155,0.8,7.8,4.3,9.5,1,0,8.4,18.5,,1.3,0.3,1.5,0.047,,-0.6,-2.1,-2.7,-0.3,forbebr01,0
159,Evan Fournier,SF,27,ORL,66,2076,16.4,0.595,0.467,0.237,0.9,8.2,4.4,16.6,1.7,0.7,10.9,23.9,,2.9,1.7,4.6,0.106,,1.4,-0.4,1,1.6,fournev01,0
160,De'Aaron Fox,PG,22,SAC,51,1634,20.6,0.558,0.227,0.42,2.4,11.4,6.8,35.3,2.2,1.5,14.1,29.8,,2.6,1.4,4,0.118,,2.3,-0.5,1.8,1.6,foxde01,0
161,Melvin Frazier,SG,23,ORL,19,126,9.8,0.559,0.471,0.118,1.7,7.1,4.3,3.4,3.5,1.4,12.3,14,,0,0.2,0.2,0.057,,-3.5,1.2,-2.3,0,frazime01,0
162,Michael Frazier,SG,25,HOU,13,145,-0.9,0.384,0.793,0.483,0.7,6.6,3.6,1.7,0.6,0,12.5,11.5,,-0.2,0.1,-0.2,-0.06,,-8.9,-2.1,-11,-0.3,frazimi01,0
163,Tim Frazier,PG,29,DET,27,355,9.8,0.464,0.319,0.255,2.8,7.8,5.3,36.5,1.9,0.9,25.6,17.3,,-0.1,0.2,0.1,0.016,,-3,-1.6,-4.6,-0.2,fraziti01,0
164,Enes Freedom,C,27,BOS,58,983,22.4,0.599,0.02,0.284,18,28.9,23.5,8.8,1.1,3.9,12.5,19.4,,2.6,1.8,4.4,0.214,,1.8,-0.3,1.5,0.9,kanteen01,0
165,Markelle Fultz,PG,21,ORL,72,1996,14.3,0.517,0.175,0.206,2.1,11,6.4,29,2.2,0.5,14.9,21.4,,0.6,2,2.7,0.065,,-1.8,0,-1.8,0.1,fultzma01,0
166,Wenyen Gabriel,PF,22,TOT,30,235,9.6,0.546,0.417,0.458,9.5,13.9,11.7,4.4,2.2,2.6,21.7,13.4,,0,0.2,0.2,0.048,,-3.7,-0.1,-3.8,-0.1,gabriwe01,0
166,Wenyen Gabriel,PF,22,SAC,11,61,7.4,0.444,0.471,0.588,7.2,11.3,9.2,6.6,2.4,3.1,18.9,18.8,,-0.1,0.1,0,-0.029,,-4.4,0.5,-3.9,0,gabriwe01,0
166,Wenyen Gabriel,PF,22,POR,19,174,10.3,0.606,0.387,0.387,10.3,14.9,12.6,3.6,2.2,2.5,23.3,11.5,,0.1,0.1,0.3,0.075,,-3.5,-0.3,-3.8,-0.1,gabriwe01,0
167,Daniel Gafford,C,21,CHI,43,609,16.2,0.686,0,0.448,9,10.3,9.6,5.2,1,8.7,15.3,13.3,,1.1,0.8,1.9,0.146,,-2.8,1.5,-1.3,0.1,gaffoda01,0
168,Danilo Gallinari,PF,31,OKC,62,1834,19.5,0.612,0.537,0.365,2.1,16.8,9.7,10.3,1.1,0.2,7.4,24.6,,4.5,1.9,6.3,0.166,,4.1,-0.9,3.3,2.4,gallida01,0
169,Langston Galloway,SG,28,DET,66,1702,12.3,0.584,0.611,0.157,2.2,7.8,5,8.8,1.4,0.5,6.5,15.9,,2.4,0.7,3.1,0.087,,0,-0.9,-0.8,0.5,gallola01,0
170,Darius Garland,SG,20,CLE,59,1824,8.5,0.498,0.423,0.103,1.6,5.2,3.4,18.5,1.1,0.2,17.1,20.7,,-1.3,0,-1.3,-0.034,,-2.7,-2.8,-5.5,-1.7,garlada01,0
171,Marc Gasol,C,35,TOR,44,1161,11.8,0.551,0.53,0.176,2.9,21.7,12.5,17.3,1.4,3.2,16.4,13.2,,0.8,2.2,3,0.124,,-1.2,2.8,1.6,1.1,gasolma01,0
172,Rudy Gay,PF,33,SAS,67,1461,15.4,0.553,0.369,0.228,4.5,22.2,13.4,11.3,1.1,2,11.8,22,,0.9,1.1,2.1,0.068,,0,-0.9,-0.8,0.4,gayru01,0
173,Paul George,SF,29,LAC,48,1419,21.1,0.589,0.487,0.277,1.8,17.7,10,21.1,2.3,1.2,12.5,29.6,,2.5,2.3,4.8,0.161,,3.8,1.1,4.9,2.5,georgpa01,0
174,Taj Gibson,C,34,NYK,62,1025,16.1,0.61,0.049,0.196,11.2,16.7,13.9,7.6,1.3,2.8,13.1,14.8,,1.8,0.8,2.6,0.12,,-0.8,-0.3,-1.1,0.2,gibsota01,0
175,Harry Giles,C,21,SAC,46,667,16.4,0.58,0.008,0.195,7.1,25.1,15.9,14.2,1.6,2.6,13.9,20.6,,0.8,0.8,1.6,0.112,,-2.2,0.9,-1.3,0.1,gilesha01,0
176,Shai Gilgeous-Alexander,SG,21,OKC,70,2428,17.7,0.568,0.247,0.352,2.2,16.1,9.4,15.2,1.6,1.7,10.3,23.7,,3.1,3,6.1,0.121,,1.3,0.4,1.7,2.2,gilgesh01,0
177,Rudy Gobert,C,27,UTA,68,2333,21.7,0.699,0,0.724,11.2,31.3,21.6,6.5,1.1,4.8,15,16.2,,6.5,4.2,10.7,0.221,,1.7,1.9,3.6,3.3,goberru01,0
178,Brandon Goodwin,PG,24,ATL,34,430,11.6,0.507,0.458,0.158,2.7,15.5,9,18,1.3,0.8,12.5,22.4,,-0.1,0.2,0.1,0.013,,-1.6,-1.3,-2.9,-0.1,goodwbr01,0
179,Aaron Gordon,PF,24,ORL,62,2017,15.1,0.516,0.309,0.292,5.5,20.3,12.7,17.4,1.2,1.7,10.4,20.7,,1.4,2.3,3.7,0.087,,-0.1,0.1,0,1,gordoaa01,0
180,Eric Gordon,SF,31,HOU,36,1016,10.3,0.51,0.654,0.231,0.9,6.5,3.7,7.9,1,1.1,7.8,22.5,,-0.1,0.6,0.5,0.024,,-1.8,-2.1,-3.9,-0.5,gordoer01,0
181,Devonte' Graham,PG,24,CHO,63,2211,15.8,0.537,0.607,0.242,2,8.7,5.2,35.3,1.4,0.6,14.5,24.8,,2.4,0.9,3.4,0.073,,2.5,-2.1,0.5,1.4,grahade01,0
182,Treveon Graham,SF,26,TOT,55,929,6.6,0.456,0.496,0.231,5.7,11.7,8.6,6.6,1.2,0.5,9.8,13.1,,-0.2,0.4,0.2,0.009,,-4.5,-1.1,-5.6,-0.8,grahatr01,0
182,Treveon Graham,SF,26,MIN,33,663,6,0.447,0.474,0.211,4.5,11.7,8,6.1,1.2,0.3,9,13.1,,-0.3,0.3,0.1,0.004,,-5,-0.8,-5.8,-0.6,grahatr01,0
182,Treveon Graham,SF,26,ATL,22,266,8,0.478,0.552,0.284,8.8,11.5,10.1,7.6,1.2,1.3,11.7,13.3,,0,0.1,0.1,0.022,,-3.3,-1.7,-5,-0.2,grahatr01,0
183,Jerami Grant,PF,25,DEN,71,1892,14.4,0.591,0.397,0.309,3.4,11.2,7.3,6.6,1.3,2.8,8,18,,2.8,1.6,4.4,0.111,,0.1,-0.6,-0.5,0.7,grantje01,0
184,Jerian Grant,SG,27,WAS,6,80,6.6,0.449,0.296,0.259,2.6,5.7,4.1,15.3,0.6,1.1,9.1,17.2,,0,0,0,-0.018,,-4.5,-2,-6.5,-0.1,grantje02,0
185,Josh Gray,PG,26,NOP,2,23,-5,0.5,0,0,4.6,4.6,4.6,10.4,0,0,71.4,12.5,,-0.1,0,-0.1,-0.226,,-11.4,-4.7,-16,-0.1,grayjo01,0
186,Danny Green,SG,32,LAL,68,1687,10.8,0.552,0.69,0.101,3.3,11.2,7.3,7.1,2.4,1.7,11.3,13.9,,0.8,2.5,3.4,0.096,,-1.1,1.5,0.5,1.1,greenda02,0
187,Draymond Green,PF,29,GSW,43,1222,12.5,0.489,0.408,0.263,2,22.3,11.8,31.2,2.3,2.4,21.8,15.7,,-0.2,1.3,1.1,0.044,,-2.1,1.9,-0.2,0.5,greendr01,0
188,JaMychal Green,PF,29,LAC,63,1307,11.1,0.576,0.676,0.136,6.3,24.1,15.4,5,1,1.6,12.6,13.7,,1.1,2,3.1,0.115,,-1.2,0.7,-0.5,0.5,greenja01,0
189,Javonte Green,SG,26,BOS,48,468,13.1,0.564,0.262,0.333,5.6,15.6,10.6,7.7,2.5,1.6,13.7,15.3,,0.4,0.8,1.1,0.113,,-2.1,1.4,-0.7,0.2,greenja02,0
190,Jeff Green,PF-C,33,TOT,48,960,13.7,0.59,0.532,0.265,2.7,12,7.5,7.9,1.3,1.7,9.9,19,,1.2,0.9,2.1,0.104,,0,-0.1,-0.1,0.5,greenje02,0
190,Jeff Green,PF,33,UTA,30,553,10,0.523,0.533,0.323,2.9,12.9,8.1,5.2,1.1,1.5,10.8,19.7,,0,0.5,0.5,0.046,,-1.9,-0.2,-2.1,0,greenje02,0
190,Jeff Green,C,33,HOU,18,407,18.6,0.682,0.53,0.188,2.6,10.9,6.7,11.5,1.6,1.9,8.5,17.9,,1.2,0.4,1.5,0.183,,2.5,0.1,2.6,0.5,greenje02,0
191,Blake Griffin,PF,30,DET,18,512,11.9,0.476,0.444,0.392,3.7,15,9.3,18,0.7,1.1,12,28.4,,-0.4,0.3,-0.1,-0.012,,-1.7,-2.6,-4.3,-0.3,griffbl01,0
192,Marko Gudurić,SG,24,MEM,44,484,8.8,0.514,0.529,0.166,3.1,12.6,7.9,12.3,1.2,1.4,17.6,17.6,,-0.3,0.4,0.1,0.014,,-2.7,-0.7,-3.4,-0.2,gudurma01,0
193,Kyle Guy,SG,22,SAC,3,10,6.6,0.4,0.6,0,0,11.5,5.6,15.6,0,0,0,21.7,,0,0,0,-0.045,,-7.5,-4.8,-12.3,0,guyky01,0
194,Rui Hachimura,PF,21,WAS,48,1444,13.5,0.535,0.16,0.257,5.7,17,11.1,8.8,1.2,0.5,8,19,,1.3,0.5,1.8,0.06,,-1.2,-2,-3.2,-0.4,hachiru01,0
195,Devon Hall,PG,24,OKC,11,81,3.1,0.298,0.567,0.267,2.8,6.6,4.8,21.3,2.4,1.1,13,20.9,,-0.3,0.1,-0.2,-0.116,,-6,-0.7,-6.7,-0.1,hallde01,0
196,Donta Hall,C-PF,22,TOT,9,133,13.6,0.652,0,0.818,11.4,19.2,15.4,4.2,1.1,3.8,14.3,11.1,,0.2,0.2,0.4,0.137,,-3.5,-0.4,-3.9,-0.1,halldo01,0
196,Donta Hall,PF,22,DET,4,48,7.3,0.452,0,1.5,14,21.6,17.7,5.3,1,1.7,23.1,7.9,,0,0,0.1,0.067,,-5.7,-1.3,-7,-0.1,halldo01,0
196,Donta Hall,C,22,BRK,5,85,17.2,0.709,0,0.667,9.9,17.9,14,3.5,1.1,4.9,11.4,12.9,,0.2,0.1,0.3,0.177,,-2.2,0.2,-2.1,0,halldo01,0
197,Dusty Hannahs,SG,26,MEM,2,13,21.3,0.607,0.333,0.222,0,8,4.1,0,0,0,0,31.6,,0,0,0,0.146,,5.1,-2.1,3.1,0,hannadu01,0
198,Tim Hardaway Jr.,SG,27,DAL,71,2091,14.5,0.581,0.58,0.206,1.3,10.2,5.8,9.7,0.9,0.2,6.7,21.1,,3.4,1.1,4.4,0.102,,1.2,-1.4,-0.1,1,hardati02,0
199,James Harden,SG,30,HOU,68,2483,29.1,0.626,0.557,0.528,2.9,16,9.4,35.9,2.3,2.1,14.2,36.3,,9.9,3.2,13.1,0.254,,8.1,1.6,9.6,7.3,hardeja01,0
200,Maurice Harkless,PF-SF,26,TOT,62,1427,9.8,0.572,0.346,0.233,4.1,13.3,8.8,6.4,1.9,2.1,14.5,10.7,,0.8,1.9,2.7,0.09,,-2.6,1.9,-0.7,0.5,harklma01,0
200,Maurice Harkless,PF,26,LAC,50,1141,9.7,0.584,0.336,0.194,4.4,13.6,9.1,5.5,2,2.3,16.3,10.3,,0.5,1.7,2.3,0.095,,-2.5,2.4,0,0.6,harklma01,0
200,Maurice Harkless,SF,26,NYK,12,286,10.1,0.536,0.379,0.364,2.9,12.3,7.5,9.7,1.5,1,8.4,12.4,,0.2,0.2,0.4,0.069,,-3.2,-0.3,-3.5,-0.1,harklma01,0
201,Jared Harper,PG,22,PHO,3,8,-5.3,0.25,0.5,0,0,0,0,0,0,0,0,21.3,,0,0,0,-0.249,,-10.1,-5.6,-15.7,0,harpeja01,0
202,Montrezl Harrell,C,26,LAC,63,1749,23.2,0.607,0.022,0.432,9.9,16.3,13.2,10.3,1.1,3.6,10.1,25.7,,4.4,2.5,7,0.191,,2.5,0.5,2.9,2.2,harremo01,0
203,Gary Harris,SG,25,DEN,56,1780,9.7,0.519,0.405,0.177,1.6,8.6,5.1,8.9,2.1,0.7,9.7,15.1,,0.5,1.4,1.9,0.052,,-2.8,0.3,-2.5,-0.2,harriga01,0
204,Joe Harris,SF,28,BRK,69,2123,13.3,0.606,0.518,0.114,3.2,11.2,7.3,10.4,0.9,0.7,11.2,18.3,,2.5,1.8,4.3,0.097,,0.4,-0.6,-0.2,1,harrijo01,0
205,Tobias Harris,PF,27,PHI,72,2469,17.2,0.556,0.304,0.184,3.1,19.1,11.1,14.6,1,1.4,7.6,23.9,,3.5,2.7,6.2,0.121,,1.3,-0.5,0.8,1.8,harrito02,0
206,Shaquille Harrison,SG,26,CHI,43,484,17.8,0.559,0.255,0.303,4.8,15.3,9.8,15.3,3.4,3.7,9.2,18.1,,0.7,0.8,1.5,0.153,,0.4,2.4,2.8,0.6,harrish01,0
207,Josh Hart,SF,24,NOP,65,1755,11.9,0.563,0.665,0.216,3.7,22.1,12.8,8.2,1.7,1.1,11.4,15.3,,1.3,1.8,3.1,0.085,,-1.1,0.4,-0.7,0.6,hartjo01,0
208,Isaiah Hartenstein,C,21,HOU,23,266,18.6,0.674,0.075,0.418,11.3,24.3,17.7,10,1.6,3.9,16.8,14.8,,0.7,0.4,1.1,0.19,,-1,1.3,0.3,0.2,harteis01,0
209,Udonis Haslem,C,39,MIA,4,44,6.5,0.47,0.273,0.364,2.6,36.7,20.3,3.2,0,0,7.3,13.8,,0,0.1,0,0.041,,-5.8,-1.6,-7.4,-0.1,hasleud01,0
210,Jaxson Hayes,C,19,NOP,64,1080,17.6,0.689,0.015,0.734,9.5,16,12.7,7.2,1.1,4.3,13.4,15,,2.8,1.1,3.9,0.171,,-0.9,0.6,-0.3,0.5,hayesja02,0
211,Gordon Hayward,SF,29,BOS,52,1740,18.1,0.595,0.317,0.207,3.4,17.8,10.7,18.7,1.1,1.2,11.2,21.1,,3.5,2.2,5.7,0.158,,2.6,0.1,2.7,2,haywago01,0
212,John Henson,C,29,TOT,40,600,17,0.578,0.211,0.269,8.5,21.8,15.1,13.4,2,6,15.8,16.3,,0.6,0.8,1.4,0.109,,-1.2,2.1,0.9,0.4,hensojo01,0
212,John Henson,C,29,CLE,29,412,16.9,0.539,0.258,0.275,8.5,22.3,15.4,15.2,1.9,6.7,13.5,16.1,,0.4,0.5,0.9,0.109,,-1.2,2.2,1.1,0.3,hensojo01,0
212,John Henson,C,29,DET,11,188,17.1,0.67,0.098,0.255,8.3,20.8,14.5,9.3,2.1,4.5,20.9,16.7,,0.2,0.2,0.4,0.11,,-1.2,1.7,0.5,0.1,hensojo01,0
213,Dewan Hernandez,C,23,TOR,6,28,12.9,0.432,0.143,0.357,19.3,33.2,26.4,16.4,1.7,0,15.6,29.3,,0,0.1,0,0.043,,-6.6,-3,-9.6,-0.1,hernade01,0
214,Juancho Hernangómez,PF,24,TOT,48,833,10.4,0.518,0.522,0.287,5.6,20.5,12.8,6.6,1.1,1,10.3,15.7,,0.2,0.7,0.9,0.052,,-2.2,-1.1,-3.4,-0.3,hernaju01,0
214,Juancho Hernangómez,PF,24,DEN,34,422,6.9,0.442,0.545,0.227,6.4,18.8,12.6,6.7,0.6,1.1,12.9,14.3,,-0.2,0.3,0.1,0.007,,-4,-1.2,-5.2,-0.3,hernaju01,0
214,Juancho Hernangómez,PF,24,MIN,14,411,14.1,0.576,0.504,0.336,4.7,22.1,13.1,6.4,1.6,0.8,8.2,17.1,,0.5,0.4,0.8,0.098,,-0.4,-1,-1.5,0.1,hernaju01,0
215,Willy Hernangómez,C,25,CHO,31,375,19.2,0.576,0.158,0.424,12.1,27.5,19.5,13.5,1.3,1.7,15.4,22.9,,0.4,0.4,0.8,0.107,,0.6,-0.5,0.1,0.2,hernawi01,0
216,Tyler Herro,SG,20,MIA,55,1508,12.5,0.55,0.472,0.158,1.2,14.9,8.3,12.7,1.1,0.6,11.4,22.3,,0.2,1.3,1.6,0.05,,-0.4,-1.2,-1.6,0.1,herroty01,0
217,Kevin Hervey,PF,23,OKC,10,52,5,0.315,0.741,0,2.2,22.7,12.7,13.9,0.9,1.7,0,22.8,,-0.2,0.1,-0.1,-0.085,,-4,-1.1,-5.1,0,herveke01,0
218,Mario Hezonja,PF,24,POR,53,871,9.5,0.525,0.358,0.271,3.6,18.3,11,7.5,2,0.9,14.7,13.9,,0.1,0.6,0.8,0.043,,-3.1,0.2,-2.9,-0.2,hezonma01,0
219,Buddy Hield,SG,27,SAC,72,2216,16,0.566,0.592,0.117,2.8,14.1,8.3,15.5,1.4,0.7,12.1,27.2,,1.4,1.5,3,0.064,,2.5,-1.4,1.1,1.7,hieldbu01,0
220,George Hill,PG,33,MIL,59,1271,16.9,0.659,0.468,0.269,4.1,9.3,6.9,19,1.7,0.3,11.9,15.5,,3.5,2.1,5.5,0.21,,1.6,1.3,2.9,1.6,hillge01,0
221,Solomon Hill,PF,28,TOT,59,1088,9.8,0.535,0.615,0.194,2.9,13,8.1,12.4,1.9,1,14.5,13.6,,0.4,1.1,1.4,0.064,,-2,0.3,-1.7,0.1,hillso01,0
221,Solomon Hill,PF,28,MEM,48,901,10.2,0.549,0.631,0.163,2.9,13.8,8.4,13.4,1.6,0.7,13.8,13.4,,0.5,0.8,1.4,0.072,,-1.6,0.2,-1.4,0.1,hillso01,0
221,Solomon Hill,PF,28,MIA,11,187,8.1,0.471,0.533,0.356,3.1,9.2,6.3,7.3,3.1,2.7,17.4,14.8,,-0.2,0.3,0.1,0.023,,-3.7,0.8,-2.8,0,hillso01,0
222,Jaylen Hoard,PF,20,POR,13,103,14.9,0.504,0.094,0.406,14.4,18.1,16.2,5.3,2.3,0,9.6,17.2,,0.1,0.1,0.2,0.093,,-0.8,-1.3,-2.1,0,hoardja01,0
223,Aaron Holiday,PG,23,IND,66,1617,11.6,0.521,0.393,0.155,1.5,9,5.3,19.1,1.7,0.9,12.8,18.7,,0.4,1.7,2.1,0.063,,-1.6,0,-1.6,0.2,holidaa01,0
224,Jrue Holiday,SG,29,NOP,61,2117,17,0.537,0.344,0.181,3.8,10.9,7.3,29.1,2.2,1.9,14.5,24.5,,2,1.9,3.9,0.088,,1.6,0.2,1.8,2,holidjr01,0
225,Justin Holiday,SF,30,IND,73,1826,12.1,0.585,0.681,0.138,1.9,12.2,7.1,6.7,2.3,2.2,7.9,13.4,,1.6,2.6,4.2,0.112,,-0.5,1.8,1.3,1.5,holidju01,0
226,Rondae Hollis-Jefferson,PF,25,TOR,60,1122,15.1,0.533,0.07,0.435,10.6,15.9,13.3,13.6,2,2,13.1,17.2,,1.4,2,3.4,0.146,,-1.2,1.5,0.3,0.6,holliro01,0
227,Richaun Holmes,C,26,SAC,44,1242,19.7,0.681,0,0.343,11.2,21.5,16.2,5.1,1.6,4.3,11.6,15.6,,3.4,1.5,4.9,0.19,,0.3,0.7,1,0.9,holmeri01,0
228,Rodney Hood,SF,27,POR,21,619,12.2,0.625,0.413,0.157,1.7,10.4,6.1,7,1.3,0.6,9.4,13.9,,0.9,0.2,1.1,0.084,,-0.4,-0.5,-0.9,0.2,hoodro01,0
229,Al Horford,C,33,PHI,67,2025,15.7,0.536,0.399,0.113,5.6,19.3,12.4,19.2,1.2,2.6,9.7,17.5,,2.8,2.6,5.4,0.128,,1.3,1,2.2,2.2,horfoal01,0
230,Talen Horton-Tucker,SG,19,LAL,6,81,12.3,0.535,0.433,0.133,2.7,6.7,4.7,10.5,4.7,1.1,15.9,19.7,,0,0.2,0.1,0.07,,-4,2,-2.1,0,hortota01,0
231,Danuel House Jr.,SF,26,HOU,63,1913,11.3,0.572,0.659,0.167,3.1,11.6,7.3,6.1,1.6,1.5,8.5,13.7,,1.9,1.8,3.6,0.091,,-0.8,0,-0.7,0.6,houseda01,0
232,Dwight Howard,C,34,LAL,69,1306,18.7,0.696,0.018,0.773,14.6,27.8,21.2,4.8,1.1,5.4,18.5,14.7,,2.8,2.6,5.4,0.197,,-1,1.2,0.2,0.7,howardw01,0
233,William Howard,PF,26,HOU,2,13,-12.7,0,1,0,0,16.3,8.1,9.1,0,0,20,15.9,,-0.1,0,-0.1,-0.357,,-14.2,-5.4,-19.6,-0.1,howarwi01,0
234,Kevin Huerter,SG,21,ATL,56,1760,11.5,0.536,0.548,0.105,2.1,12,7,17.5,1.4,1.3,12,17.1,,1,0.6,1.6,0.043,,-0.7,-0.9,-1.6,0.2,huertke01,0
235,De'Andre Hunter,SF,22,ATL,63,2018,8.6,0.521,0.445,0.211,2.3,13.1,7.6,8,1,0.7,12.1,17.5,,-0.4,0.5,0.1,0.002,,-2.9,-1.8,-4.7,-1.4,huntede01,0
236,Chandler Hutchison,SF,23,CHI,28,527,12.4,0.521,0.217,0.446,3.6,19.8,11.3,7.4,2.5,1.3,11.4,19.1,,0,0.7,0.7,0.06,,-2.7,0.1,-2.6,-0.1,hutchch01,0
237,Serge Ibaka,C,30,TOR,55,1485,17.3,0.583,0.272,0.185,8.3,23.5,16.1,8.6,0.9,3,13.1,24,,1.2,2.7,3.9,0.126,,0.1,0,0.1,0.8,ibakase01,0
238,Andre Iguodala,SF,36,MIA,21,418,10.5,0.507,0.534,0.17,4.7,15.7,10.4,16.9,1.6,5,21.6,12.7,,0,0.6,0.6,0.065,,-1.9,1.4,-0.5,0.2,iguodan01,0
239,Ersan İlyasova,PF,32,MIL,63,986,14.9,0.589,0.438,0.278,6.6,22.7,15.1,6.6,1.1,1.5,8.8,16.1,,1.6,2,3.6,0.174,,-0.3,0.8,0.4,0.6,ilyaser01,0
240,Joe Ingles,PF,32,UTA,72,2137,12.6,0.595,0.638,0.17,1.4,12.5,7.2,24.4,1.5,0.4,19.3,15.1,,2.7,2.1,4.8,0.108,,0.1,0.7,0.7,1.5,inglejo01,0
241,Brandon Ingram,PF,22,NOP,62,2104,18.8,0.587,0.35,0.336,2.6,16.6,9.6,19.3,1.3,1.5,13.1,28.1,,3.3,1.8,5.1,0.115,,2.5,-0.4,2.1,2.2,ingrabr01,0
242,Kyrie Irving,PG,27,BRK,20,658,26.2,0.595,0.341,0.245,3.5,12.5,8.1,36.7,1.9,1.3,10.1,32.6,,2.1,0.8,2.9,0.21,,6.7,0.9,7.7,1.6,irvinky01,0
243,Jonathan Isaac,PF,22,ORL,34,980,17.3,0.552,0.283,0.232,6.2,19.6,12.7,7.4,2.6,7.2,11.8,18.3,,0.6,1.9,2.5,0.12,,-0.6,2.9,2.3,1.1,isaacjo01,0
244,Wes Iwundu,SF,25,ORL,52,953,10.3,0.544,0.352,0.416,2.6,12.5,7.4,8.8,1.3,1.2,8.6,13.7,,0.8,0.8,1.7,0.084,,-2.7,0,-2.6,-0.2,iwundwe01,0
245,Frank Jackson,PG,21,NOP,59,797,9.1,0.51,0.435,0.227,2.9,8.1,5.5,10.8,1,0.4,11.9,21.2,,-0.2,0.3,0.2,0.01,,-3.3,-2.2,-5.5,-0.7,jacksfr01,0
246,Jaren Jackson Jr.,C,20,MEM,57,1622,16.3,0.593,0.489,0.247,3.6,13.2,8.5,7.2,1.2,5,10.6,24,,1.6,1.8,3.5,0.103,,0.3,0.1,0.4,1,jacksja02,0
247,Josh Jackson,SF,22,MEM,22,381,14.1,0.547,0.453,0.314,3.1,14.9,9.1,13.1,2.2,2.1,13.4,22.8,,0.1,0.5,0.5,0.069,,-1,1.1,0.1,0.2,jacksjo02,0
248,Justin Jackson,PF,24,DAL,65,1045,9.5,0.496,0.478,0.147,2.7,12.6,7.7,6.8,0.7,0.8,3.7,15.4,,0.6,0.6,1.2,0.054,,-2.1,-1.3,-3.4,-0.4,jacksju01,0
249,Reggie Jackson,PG,29,TOT,31,743,13.7,0.529,0.445,0.166,2.5,10.8,6.7,26.2,0.8,0.6,12.7,23.1,,0.6,0.5,1.1,0.073,,0.8,-1.2,-0.4,0.3,jacksre01,0
249,Reggie Jackson,PG,29,DET,14,381,14.7,0.492,0.414,0.167,3.2,9.1,6.1,30.8,1,0.2,9.8,27,,0.2,0.1,0.4,0.047,,1.7,-2.2,-0.5,0.1,jacksre01,0
249,Reggie Jackson,PG,29,LAC,17,362,12.6,0.587,0.492,0.164,1.8,12.6,7.3,21.3,0.7,1,16.9,19.1,,0.4,0.4,0.8,0.1,,-0.1,-0.2,-0.3,0.2,jacksre01,0
250,Justin James,SF,23,SAC,36,232,11,0.477,0.345,0.25,2.8,12.9,7.8,11.2,1.3,3.7,7.9,18.9,,-0.1,0.2,0.1,0.028,,-1.4,0,-1.4,0,jamesju01,0
251,LeBron James,PG,35,LAL,67,2316,25.5,0.577,0.326,0.292,3.2,21.5,12.4,49.1,1.6,1.4,15.1,31.5,,6.2,3.6,9.8,0.204,,6.6,1.8,8.4,6.1,jamesle01,0
252,Amile Jefferson,PF,26,ORL,18,74,8.9,0.372,0,1,14.1,19.5,16.7,7.2,0.7,3.7,13,13.5,,0,0.1,0,0.023,,-4.8,-1,-5.8,-0.1,jeffeam01,0
253,DaQuan Jeffries,SG,22,SAC,13,141,11.2,0.586,0.45,0.15,2.3,12.3,7.2,7.1,1.4,0.7,4.5,13.7,,0.2,0.1,0.3,0.1,,-2.8,-1.1,-3.8,-0.1,jeffrda01,0
254,Ty Jerome,SG,22,PHO,31,328,7.9,0.425,0.442,0.142,2.3,13.4,7.8,18.2,2.2,0.8,13,17.9,,-0.3,0.3,0,-0.003,,-3.9,0.1,-3.7,-0.1,jeromty01,0
255,Alize Johnson,PF,23,IND,17,118,13.3,0.509,0.276,0.345,15,29.4,22.3,7.7,1.2,1.5,17.3,15,,0.1,0.2,0.3,0.111,,-1.8,0.2,-1.6,0,johnsal02,0
256,B.J. Johnson,SF,24,ORL,10,83,5.4,0.412,0.281,0.313,3.8,16.1,9.7,5.1,1.8,0,14.2,22.1,,-0.2,0.1,-0.1,-0.074,,-5.8,-3.2,-9,-0.1,johnsbj01,0
257,Cameron Johnson,PF,23,PHO,57,1255,12.9,0.586,0.672,0.141,4.3,12.4,8.3,7.7,1.4,1.4,6.9,15.7,,1.7,1,2.7,0.102,,0.8,-0.4,0.3,0.7,johnsca02,0
258,James Johnson,PF-C,32,TOT,32,619,14.8,0.572,0.423,0.223,4.3,16.3,10.3,18.4,1.9,4.6,16.9,19.4,,0.3,0.8,1.1,0.089,,-1.1,1.2,0,0.3,johnsja01,0
258,James Johnson,PF,32,MIA,18,281,11.1,0.547,0.517,0.161,3.3,16.9,10.4,11.1,1,4.6,13.9,17,,0,0.4,0.4,0.065,,-2.6,0.8,-1.8,0,johnsja01,0
258,James Johnson,C,32,MIN,14,338,17.9,0.588,0.359,0.266,5.1,15.9,10.3,24.4,2.6,4.7,18.8,21.4,,0.3,0.4,0.8,0.109,,0.1,1.5,1.6,0.3,johnsja01,0
259,Keldon Johnson,SF,20,SAS,17,301,19.1,0.711,0.247,0.494,3.6,16.8,10.2,7.2,2.2,0.6,10.7,17.4,,0.8,0.2,1.1,0.174,,1.5,0,1.5,0.3,johnske04,0
260,Stanley Johnson,PF,23,TOR,25,150,9.9,0.454,0.407,0.271,5,20.6,13,19.4,1.9,2.6,18.5,23.1,,-0.3,0.3,0,0.014,,-3.9,1.4,-2.5,0,johnsst04,0
261,Tyler Johnson,PG-SG,27,TOT,39,709,10.1,0.504,0.476,0.2,2.7,8.9,5.8,14.8,1.1,1.1,9.6,18,,0.3,0.5,0.7,0.05,,-2,-0.9,-2.9,-0.2,johnsty01,0
261,Tyler Johnson,PG,27,PHO,31,515,8.1,0.481,0.485,0.187,2.1,9.2,5.6,13.3,1.1,1.4,11.5,17.3,,-0.2,0.3,0.2,0.014,,-3,-0.6,-3.6,-0.2,johnsty01,0
261,Tyler Johnson,SG,27,BRK,8,194,15.6,0.552,0.456,0.228,4.4,8.4,6.4,18.6,1,0.4,5.4,19.8,,0.4,0.1,0.6,0.144,,0.6,-1.7,-1.1,0,johnsty01,0
262,Nikola Jokić,C,24,DEN,73,2336,24.9,0.605,0.238,0.281,8,26.1,17.1,35.2,1.8,1.7,15.8,26.6,,6.7,3.1,9.8,0.202,,5.5,2,7.4,5.5,jokicni01,0
263,Damian Jones,C,24,ATL,55,887,15.6,0.712,0.051,0.472,8.9,16.2,12.5,5.6,1.4,3.8,11.5,11.4,,2.2,0.6,2.8,0.152,,-1.6,0.1,-1.5,0.1,jonesda03,0
264,Derrick Jones Jr.,SF,22,MIA,59,1375,14.9,0.62,0.378,0.352,5.6,13.1,9.5,6.7,2.1,2.7,6.9,13.9,,2.6,1.8,4.4,0.153,,-0.3,1.1,0.7,1,jonesde02,0
265,Tyus Jones,PG,23,MEM,65,1232,15.7,0.532,0.289,0.135,0.8,7.9,4.4,32,2.2,0.4,10.8,17.2,,1.9,1.1,3,0.117,,0.4,0.2,0.6,0.8,jonesty01,0
266,DeAndre Jordan,C,31,BRK,56,1234,19.9,0.682,0,0.425,12.1,34.5,23.5,12.6,0.7,3.5,17.8,14.1,,3,2.2,5.2,0.2,,1.2,1.8,3,1.5,jordade01,0
267,Cory Joseph,PG,28,SAC,72,1759,10.1,0.517,0.386,0.17,2.7,9.4,6,19.1,1.5,1.1,15.3,12.9,,1.2,1.1,2.3,0.062,,-2.1,0.1,-2,0,josepco01,0
268,Mfiondu Kabengele,C,22,LAC,12,64,18.2,0.614,0.625,0.156,1.7,15.8,8.9,4.9,1.5,2.8,5.5,23.7,,0.1,0.1,0.2,0.173,,2.3,-0.1,2.2,0.1,kabenmf01,0
269,Frank Kaminsky,C,26,PHO,39,777,14.2,0.545,0.404,0.293,4.9,20.4,12.6,14.3,0.9,1.1,9.6,21,,0.7,0.7,1.4,0.087,,-0.1,-0.4,-0.5,0.3,kaminfr01,0
270,Luke Kennard,SG,23,DET,28,922,14.4,0.589,0.535,0.219,1.1,11.1,6,19.2,0.6,0.5,10.3,19.8,,1.6,0.3,1.9,0.1,,1.1,-1.4,-0.3,0.4,kennalu01,0
271,Stanton Kidd,SG,27,UTA,4,15,-13.7,0,0.333,0,0,21.3,11,8,0,0,40,14.6,,-0.1,0,-0.1,-0.327,,-16.2,-1.4,-17.6,-0.1,kiddst01,0
272,Michael Kidd-Gilchrist,PF,26,TOT,25,281,4.2,0.416,0.303,0.212,5.3,20.4,12.8,7.1,0.3,1.9,18.1,13.7,,-0.4,0.2,-0.2,-0.03,,-6.3,-1.1,-7.4,-0.4,kiddgmi01,0
272,Michael Kidd-Gilchrist,PF,26,CHO,12,160,6.1,0.421,0.321,0.17,5.9,18.4,11.9,9.5,0,1.7,10.9,17.6,,-0.2,0.1,-0.1,-0.028,,-5.3,-1.6,-6.9,-0.2,kiddgmi01,0
272,Michael Kidd-Gilchrist,PF,26,DAL,13,121,1.7,0.395,0.231,0.385,4.4,23.1,13.9,4,0.8,2.1,37.2,8.5,,-0.2,0.1,-0.1,-0.032,,-7.6,-0.4,-8,-0.2,kiddgmi01,0
273,Louis King,SF,20,DET,10,62,6.2,0.448,0.524,0.143,1.8,16.7,9.2,11.8,1.6,0,8.2,17.1,,-0.1,0,0,-0.007,,-5.1,-1.1,-6.2,-0.1,kinglo02,0
274,Maxi Kleber,PF,28,DAL,74,1890,13.6,0.605,0.621,0.181,6.3,15.1,10.8,6.3,0.6,3.8,9.5,13.9,,3.2,1.7,4.8,0.123,,0.4,0,0.4,1.1,klebima01,0
275,Brandon Knight,SG-PG,28,TOT,25,462,8.5,0.503,0.784,0.204,1,9.1,5,21.6,1.1,0.6,17.3,20.6,,-0.2,0.1,-0.1,-0.01,,-1.8,-2.6,-4.4,-0.3,knighbr03,0
275,Brandon Knight,SG,28,CLE,16,241,5.4,0.431,0.744,0.151,1.4,7.9,4.6,18,1,0.7,14.9,19.1,,-0.3,0,-0.3,-0.062,,-3.8,-2.7,-6.5,-0.3,knighbr03,0
275,Brandon Knight,PG,28,DET,9,221,11.9,0.576,0.827,0.259,0.5,10.4,5.4,25.6,1.1,0.4,19.6,22.2,,0.1,0.1,0.2,0.046,,0.5,-2.5,-2,0,knighbr03,0
276,Kevin Knox,SF,20,NYK,65,1166,8.3,0.47,0.496,0.252,2.5,14.7,8.4,7.4,1,2.3,9.2,17.8,,-0.5,0.7,0.2,0.007,,-3.1,-1.1,-4.2,-0.7,knoxke01,0
277,John Konchar,SG,23,MEM,19,181,18,0.713,0.27,0.054,10.7,16.6,13.7,16.2,1.8,1.5,15.6,10.3,,0.5,0.2,0.7,0.182,,2.5,2,4.5,0.3,konchjo01,0
278,Furkan Korkmaz,SG,22,PHI,72,1559,12,0.579,0.632,0.181,1.3,10.6,6,7.3,1.3,0.9,8.8,18.4,,1.4,1.4,2.8,0.085,,-0.4,-1,-1.3,0.3,korkmfu01,0
279,Luke Kornet,C,24,CHI,36,559,12.7,0.539,0.578,0.15,4.1,12.9,8.3,8.5,0.9,4.4,6.6,16.3,,0.5,0.6,1.1,0.091,,-0.9,-0.2,-1.2,0.1,kornelu01,0
280,Kyle Korver,SF,38,MIL,58,960,11.3,0.62,0.809,0.14,1.6,10.4,6.3,9.2,1.2,1.1,13.4,15.4,,0.9,1.5,2.5,0.124,,-0.6,0.7,0.1,0.5,korveky01,0
281,Rodions Kurucs,PF,21,BRK,47,684,8.9,0.555,0.508,0.215,3.9,16.6,10.4,10.4,1.7,0.6,19.2,14.7,,-0.1,0.8,0.8,0.055,,-3.6,0.9,-2.8,-0.1,kurucro01,0
282,Kyle Kuzma,PF,24,LAL,61,1526,12.2,0.531,0.407,0.232,3.8,15.7,9.8,7.6,0.9,1.5,11,22.9,,0.1,1.9,2,0.063,,-1.6,-1,-2.6,-0.2,kuzmaky01,0
283,Skal Labissière,C,23,POR,33,567,15.4,0.588,0.088,0.224,12.1,19,15.6,10.1,0.6,4.7,15.7,14.3,,1,0.4,1.4,0.119,,-1.5,0.2,-1.3,0.1,labissk01,0
284,Jeremy Lamb,SG,27,IND,46,1291,14,0.547,0.33,0.23,2.1,14.8,8.5,10.5,2.1,1.5,8.7,19.6,,0.9,1.8,2.7,0.099,,-1.1,0.8,-0.4,0.5,lambje01,0
285,Romeo Langford,SG,20,BOS,32,370,5.4,0.434,0.338,0.313,4.4,7.4,5.9,4.5,1,2,10.8,11.8,,-0.2,0.4,0.2,0.025,,-4.7,-0.3,-4.9,-0.3,langfro01,0
286,Zach LaVine,SF,24,CHI,60,2085,19.4,0.568,0.404,0.279,2.1,13.8,7.7,21.7,2,1.3,13.3,31.7,,1.8,2.2,4,0.091,,3.3,-0.8,2.5,2.4,lavinza01,0
287,Vic Law,PF,24,ORL,8,62,3.7,0.363,0.389,0.333,3.4,16.2,9.6,6.7,1.6,0,8.8,15.8,,-0.1,0.1,-0.1,-0.052,,-7,-2.6,-9.6,-0.1,lawvi01,0
288,Jake Layman,SF,25,MIN,23,505,10.3,0.544,0.402,0.179,3.4,8.7,6,4.4,1.6,1.6,11.1,17.7,,0,0.3,0.3,0.03,,-2.8,-0.9,-3.7,-0.2,laymaja01,0
289,T.J. Leaf,PF,22,IND,28,222,12.9,0.451,0.209,0.186,11.5,23.5,17.5,5.7,2.2,1.6,7.9,20,,-0.1,0.4,0.3,0.061,,-2.5,0.1,-2.4,0,leaftj01,0
290,Jalen Lecque,SG,19,PHO,5,32,2.7,0.46,0.4,0.2,0,7,3.5,8.6,0,0,15.5,17.1,,0,0,0,-0.065,,-6.6,-2.9,-9.5,-0.1,lecquja01,0
291,Courtney Lee,SG,34,DAL,24,345,10.8,0.629,0.573,0.085,2.2,7.5,4.9,4.7,2.5,1.5,11.4,11.9,,0.3,0.3,0.7,0.092,,-2.1,1.5,-0.6,0.1,leeco01,0
292,Damion Lee,SG,27,GSW,49,1423,12.7,0.548,0.468,0.247,2.4,16.3,9.1,14.4,1.7,0.4,10.6,19,,0.9,0.8,1.7,0.058,,-1.5,-0.8,-2.3,-0.1,leeda03,0
293,Alex Len,C,26,TOT,55,970,17.7,0.6,0.185,0.329,11.1,25.2,18,7.9,1.1,4.3,13.1,18.1,,1.5,1,2.5,0.122,,-0.5,-0.3,-0.7,0.3,lenal01,0
293,Alex Len,C,26,ATL,40,745,17.5,0.59,0.215,0.312,9.8,23.6,16.6,8.7,1.3,3.7,11.7,18.6,,1.1,0.6,1.8,0.113,,-0.2,-0.2,-0.4,0.3,lenal01,0
293,Alex Len,C,26,SAC,15,225,18.2,0.64,0.051,0.407,15.1,30.8,22.8,5.2,0.6,6.4,18.7,16.5,,0.4,0.3,0.7,0.15,,-1.3,-0.3,-1.6,0,lenal01,0
294,Kawhi Leonard,SF,28,LAC,57,1848,26.9,0.589,0.287,0.355,3.1,19.1,11.3,26.4,2.6,1.6,10.2,33,,5.4,3.3,8.7,0.226,,6.5,2.4,8.9,5.1,leonaka01,0
295,Meyers Leonard,C,27,MIA,51,1034,10.6,0.627,0.547,0.12,3.4,24,14.1,7.6,0.7,1.4,13.7,12.2,,0.9,1.2,2.1,0.096,,-1.3,0.4,-0.9,0.3,leoname01,0
296,Caris LeVert,SG,25,BRK,45,1330,16.1,0.514,0.301,0.269,3.9,10.7,7.4,25,1.9,0.6,12.6,29.5,,0.1,1.4,1.5,0.055,,0.6,-0.9,-0.3,0.5,leverca01,0
297,Damian Lillard,PG,29,POR,66,2474,26.9,0.627,0.5,0.384,1.4,10.5,6,34.4,1.3,0.8,11,30.3,,10.9,0.7,11.6,0.225,,8.3,-0.9,7.5,5.9,lillada01,0
298,Nassir Little,PF,19,POR,48,573,9.6,0.505,0.391,0.291,5.7,13.9,9.9,5,1.1,2.1,8.1,13.7,,0.3,0.3,0.6,0.047,,-2.9,-0.6,-3.5,-0.2,littlna01,0
299,Kevon Looney,C,23,GSW,20,262,9.4,0.403,0.177,0.152,11.2,16.3,13.6,11.1,2.2,2.1,12.5,15.7,,-0.2,0.2,0,0.006,,-4.8,-0.8,-5.6,-0.2,looneke01,0
300,Brook Lopez,C,31,MIL,68,1817,15,0.551,0.484,0.227,3.4,13,8.5,7.4,1.2,7.9,8.7,18.3,,1.4,4.1,5.5,0.145,,-0.4,2.5,2,1.9,lopezbr01,0
301,Robin Lopez,C,31,MIL,66,958,10.2,0.554,0.351,0.177,6.2,10.2,8.3,6.3,0.5,4.1,16.4,16.6,,-0.1,1.6,1.5,0.077,,-3,0.4,-2.6,-0.2,lopezro01,0
302,Kevin Love,PF,31,CLE,56,1780,17.9,0.599,0.536,0.301,3.3,31.1,17.1,15.4,0.9,0.9,14.5,23.1,,2.5,1.3,3.8,0.101,,2.6,-0.5,2,1.8,loveke01,0
303,Kyle Lowry,PG,33,TOR,58,2098,17.7,0.59,0.58,0.427,1.6,12.8,7.3,30.6,1.9,1.2,15.7,23.1,,4.2,3.3,7.5,0.171,,2.2,1,3.2,2.8,lowryky01,0
304,Timothé Luwawu-Cabarrot,SF,24,BRK,47,853,11,0.599,0.595,0.301,3.6,11.6,7.7,4.9,1,0.7,10.8,16.8,,0.9,0.7,1.7,0.095,,-1.8,-0.5,-2.2,-0.1,luwawti01,0
305,Trey Lyles,PF,24,SAS,63,1271,12.6,0.557,0.49,0.131,6,24.6,15.3,7.2,1.1,1.9,9.7,13.6,,1.2,1,2.2,0.083,,-0.5,-0.7,-1.2,0.3,lylestr01,0
306,Daryl Macon,PG,24,MIA,4,14,-3.1,0.5,0.667,0,0,0,0,9.7,0,0,40,15.7,,0,0,0,-0.161,,-7.3,-4.8,-12,0,maconda01,0
307,J.P. Macura,SG,24,CLE,1,1,0,,,,0,0,0,0,0,0,,0,,0,0,0,-0.022,,-5.2,-1.2,-6.4,0,macurjp01,0
308,Josh Magette,PG,30,ORL,8,38,5.1,0.378,0.267,0.133,2.7,14.6,8.5,19.2,3.8,2.4,23.9,23.7,,-0.2,0.1,-0.1,-0.127,,-7.9,1.6,-6.2,0,magetjo01,0
309,Ian Mahinmi,C,33,WAS,38,808,14.2,0.545,0.124,0.538,10.1,19.7,14.7,8.3,1.8,4.8,14.8,15.7,,0.7,0.7,1.4,0.083,,-2.8,0,-2.7,-0.2,mahinia01,0
310,Thon Maker,C,22,DET,60,776,13.7,0.582,0.332,0.57,7.8,16.7,12.2,8,1.6,4.2,15.7,16.1,,0.7,0.8,1.5,0.096,,-2.1,0.7,-1.4,0.1,makerth01,0
311,Terance Mann,SF,23,LAC,41,362,10.6,0.545,0.253,0.342,2.9,12.6,7.9,19.3,1.4,1.2,16.5,12.6,,0.4,0.4,0.8,0.106,,-2.7,1.2,-1.5,0,mannte01,0
312,Boban Marjanović,C,31,DAL,44,422,25.7,0.612,0.081,0.27,16.6,32.1,24.5,8.3,0.9,2,11.3,26.9,,1.2,0.6,1.8,0.2,,2.8,-1.6,1.2,0.3,marjabo01,0
313,Lauri Markkanen,PF,22,CHI,50,1492,14.3,0.56,0.536,0.259,4.2,19.7,11.6,7.6,1.4,1.5,11,21.1,,1,1.6,2.6,0.084,,0.2,-0.8,-0.6,0.5,markkla01,0
314,Caleb Martin,SF,24,CHO,18,317,12,0.595,0.44,0.25,3.3,10,6.5,11.1,1.9,2,13.9,15,,0.3,0.2,0.5,0.081,,-1.6,0.6,-1,0.1,martica02,0
315,Cody Martin,SF,24,CHO,48,903,10.5,0.505,0.372,0.314,4.4,15.1,9.6,15.7,2.2,0.9,15.7,13.6,,0.2,0.8,1,0.052,,-3.1,1,-2.1,0,martico01,0
316,Jeremiah Martin,PG,23,BRK,9,99,21.8,0.541,0.34,0.264,1.1,9.2,5.2,30.8,3.3,1.7,6.3,26.7,,0.2,0.1,0.4,0.176,,1.5,1.7,3.2,0.1,martije02,0
317,Kelan Martin,SF,24,MIN,31,495,9.2,0.506,0.53,0.171,2.5,18.6,10.2,6.8,0.7,1.5,9.3,17.8,,-0.1,0.3,0.2,0.023,,-3.3,-1,-4.3,-0.3,martike03,0
318,Frank Mason III,PG,25,MIL,9,118,16.9,0.53,0.412,0.333,4.5,11.1,8,35,1.9,0.7,15.8,24.3,,0.1,0.2,0.4,0.143,,-0.6,0.6,0,0.1,masonfr01,0
319,Garrison Mathews,SG,23,WAS,18,227,13.1,0.691,0.821,0.607,2.8,9,5.8,5.8,1.6,0.4,10.1,14.5,,0.6,0.1,0.6,0.131,,-0.6,-0.5,-1.1,0.1,mathega01,0
320,Wesley Matthews,SG,33,MIL,67,1635,8.1,0.547,0.704,0.161,1.4,8.2,5,7.1,1.1,0.5,8.7,12.5,,0.8,2.4,3.2,0.093,,-2.6,0.7,-1.8,0.1,matthwe02,0
321,Luc Mbah a Moute,PF,33,HOU,3,25,6.4,0.425,0.4,0.4,4.2,4.2,4.2,0,3.7,0,14.5,11.4,,0,0,0,-0.008,,-5.2,-2.2,-7.4,0,mbahalu01,0
322,Patrick McCaw,SF,24,TOR,37,908,7.3,0.5,0.438,0.111,2.3,7.6,5,11.5,2,0.4,14.6,9.4,,0.2,1.2,1.4,0.075,,-3.6,1.8,-1.8,0,mccawpa01,0
323,CJ McCollum,SG,28,POR,70,2556,17,0.541,0.378,0.136,1.9,10.2,6.1,19.1,1,1.4,8.1,25.9,,3.5,0.6,4.1,0.077,,2.3,-1.8,0.5,1.6,mccolcj01,0
324,T.J. McConnell,PG,27,IND,71,1326,16.5,0.54,0.041,0.102,3.2,12.4,7.8,37.6,2,0.7,18.9,17.5,,1.7,1.7,3.3,0.121,,0.1,0.4,0.5,0.8,mccontj01,0
325,Jalen McDaniels,SF,22,CHO,16,293,10.7,0.574,0.343,0.243,5.4,19.4,12.1,6.8,1.4,0.9,12.4,13.3,,0.2,0.2,0.5,0.078,,-3.4,0.1,-3.3,-0.1,mcdanja01,0
326,Doug McDermott,PF,28,IND,69,1372,14.4,0.62,0.537,0.106,2.1,11.7,7,8.4,0.4,0.3,6.8,19.6,,2.3,1.1,3.3,0.117,,1.4,-1.3,0,0.7,mcderdo01,0
327,JaVale McGee,C,32,LAL,68,1130,19.4,0.652,0.02,0.268,12.2,25.4,18.9,4.6,1.5,7.5,13.9,14.8,,2.2,2.4,4.7,0.198,,-0.6,2.1,1.5,1,mcgeeja01,0
328,Rodney McGruder,SG,28,LAC,56,871,6.7,0.477,0.492,0.188,3.6,14.2,9,5.3,1.4,0.8,10.9,10.6,,-0.1,1.1,1,0.055,,-3.7,0.8,-3,-0.2,mcgruro01,0
329,Alfonzo McKinnie,SF,27,CLE,40,593,8.7,0.493,0.38,0.181,6.9,14.4,10.6,3.3,1.9,1.2,12.3,15.2,,-0.2,0.3,0.2,0.014,,-4.4,-0.9,-5.3,-0.5,mckinal01,0
330,Jordan McLaughlin,PG,23,MIN,30,590,16.3,0.587,0.427,0.219,1.2,7.8,4.4,31,2.7,0.6,13.7,15.8,,1.1,0.4,1.6,0.13,,0.3,0,0.3,0.3,mclaujo01,0
331,Ben McLemore,SF,26,HOU,71,1619,11.8,0.622,0.829,0.123,1.3,8.9,5.1,5.2,1.3,0.8,8,16,,2.2,1.1,3.3,0.099,,0.1,-0.6,-0.5,0.6,mclembe01,0
332,Jordan McRae,SG,28,TOT,37,784,14.2,0.515,0.344,0.298,2.4,15.4,8.7,17.9,1.3,1.8,9.4,24.4,,0.4,0.4,0.7,0.044,,0,-1.5,-1.5,0.1,mcraejo01,0
332,Jordan McRae,SG,28,WAS,29,654,15.2,0.523,0.334,0.262,2.7,15.1,8.7,19.1,1.4,2,9.7,24.9,,0.4,0.3,0.7,0.051,,0.8,-1.2,-0.4,0.3,mcraejo01,0
332,Jordan McRae,SG,28,DEN,4,32,16.7,0.58,0.667,0.667,3.5,14,8.8,15.6,3.1,2.9,0,10.5,,0.1,0,0.1,0.201,,1.1,1.4,2.5,0,mcraejo01,0
332,Jordan McRae,SG,28,DET,4,98,6.5,0.446,0.372,0.512,0,17.6,8.7,10.7,0,0,8.7,25.7,,-0.1,0,-0.1,-0.053,,-5.6,-4.2,-9.8,-0.2,mcraejo01,0
333,Nicolò Melli,C,29,NOP,60,1042,11.4,0.556,0.638,0.226,3.9,14.5,9.2,10.5,1.5,1.8,11.5,15.7,,0.9,0.9,1.8,0.082,,-1.5,0.2,-1.3,0.2,mellini01,0
334,De'Anthony Melton,PG,21,MEM,60,1167,13.5,0.501,0.349,0.302,4,15.7,9.9,20.1,3.1,1.5,15.6,19.2,,0.1,1.7,1.7,0.072,,-2.2,2,-0.2,0.5,meltode01,0
335,Chimezie Metu,C,22,SAS,18,105,22.2,0.608,0.048,0.31,12.3,21.6,16.9,14.9,1.4,5,17.3,23.7,,0.2,0.1,0.3,0.13,,1.7,-0.1,1.7,0.1,metuch01,0
336,Khris Middleton,SF,28,MIL,62,1853,21.1,0.619,0.374,0.24,2.5,17,10.2,22.2,1.3,0.3,11.6,26.4,,4.6,3.3,7.9,0.205,,3.4,0.7,4.1,2.9,middlkh01,0
337,Eric Mika,C,25,SAC,1,19,13.9,0.773,0,0.667,11.6,30.4,20.7,0,0,0,0,8.9,,0.1,0,0.1,0.218,,-1.9,-1.5,-3.4,0,mikaer01,0
338,C.J. Miles,SF,32,WAS,10,161,11.1,0.472,0.593,0.339,2.6,5.7,4.1,10,2.9,2.2,5.6,18.6,,0,0.1,0.1,0.035,,-1.7,0,-1.7,0,milescj01,0
339,Malcolm Miller,SF,26,TOR,28,162,6.7,0.538,0.759,0.276,1.3,8.9,5.2,8.9,1.5,1.2,11,9.6,,0.1,0.2,0.3,0.082,,-3.5,1.2,-2.3,0,millema01,0
340,Patty Mills,PG,31,SAS,66,1485,14.8,0.592,0.674,0.187,1.6,6.2,3.9,11.4,1.7,0.4,7.7,20.4,,2.3,0.5,2.8,0.091,,1.2,-1.2,0,0.8,millspa02,0
341,Paul Millsap,PF,34,DEN,51,1240,16.9,0.591,0.283,0.322,8.9,17.6,13.2,9.6,1.8,2.2,12.3,20,,2.1,1.4,3.5,0.136,,0.3,-0.2,0.1,0.7,millspa01,0
342,Shake Milton,SG,23,PHI,40,805,14.4,0.617,0.487,0.235,2.1,10,6,18.8,1.2,0.7,13.3,18.9,,1.4,0.7,2.1,0.126,,0,-1,-1,0.2,miltosh01,0
343,Donovan Mitchell,SG,23,UTA,69,2364,18.8,0.558,0.352,0.24,2.6,11.3,7.1,21.6,1.4,0.5,11,30.8,,3.2,2.2,5.4,0.11,,2.4,-0.6,1.9,2.3,mitchdo01,0
344,Naz Mitrou-Long,SG,26,IND,5,47,7.8,0.412,0.706,0,0,16.2,8.2,22.8,1,1.9,15,18.7,,-0.1,0.1,0,-0.022,,-3.5,2.1,-1.4,0,mitrona01,0
345,Adam Mokoka,SF,21,CHI,11,112,8.2,0.538,0.536,0.143,6.6,3.1,4.9,5,1.7,0,6.3,12.1,,0.1,0.1,0.2,0.073,,-2.9,-1.2,-4.1,-0.1,mokokad01,0
346,Malik Monk,SG,21,CHO,55,1169,12.6,0.53,0.418,0.205,2.4,12.6,7.3,16.6,1.1,1.3,12.6,22.9,,0.1,0.6,0.7,0.028,,-1.1,-1.3,-2.3,-0.1,monkma01,0
347,Matt Mooney,SG,23,CLE,4,19,8.1,0.25,0.5,0,0,17.7,8.8,6.7,5.1,4.5,0,9,,0,0,0,0.007,,-5.3,5,-0.4,0,moonema01,0
348,E'Twaun Moore,SG,30,NOP,56,1020,11.3,0.51,0.382,0.103,3.2,10.4,6.8,11,1.5,0.9,8.1,19.9,,0.3,0.7,0.9,0.043,,-1.9,-0.8,-2.7,-0.2,mooreet01,0
349,Ja Morant,PG,20,MEM,67,2074,17.4,0.556,0.191,0.329,2.6,10.4,6.6,35.2,1.3,0.8,17,25.9,,2.3,1.5,3.8,0.088,,1.4,-1.2,0.3,1.2,moranja01,0
350,Juwan Morgan,PF,22,UTA,21,134,10.1,0.648,0.308,0.154,8.5,15.1,11.9,6.2,0.4,1.2,17.8,11,,0.2,0.1,0.3,0.106,,-2.9,-0.3,-3.2,0,morgaju01,0
351,Marcus Morris,SF-PF,30,TOT,62,1936,14.3,0.57,0.43,0.272,3.2,14,8.5,6.8,1.2,1.4,9.7,21.9,,2.1,1.5,3.6,0.088,,0.6,-0.7,-0.1,0.9,morrima03,0
351,Marcus Morris,SF,30,NYK,43,1387,16.5,0.582,0.415,0.311,3.6,14.7,9,6.8,1.2,1.2,9.2,24.4,,2.1,0.8,2.9,0.101,,1.8,-1.1,0.7,0.9,morrima03,0
351,Marcus Morris,PF,30,LAC,19,549,8.9,0.523,0.483,0.126,2.1,12.3,7.4,6.8,1.1,2.1,11.6,15.8,,0,0.7,0.6,0.055,,-2.5,0.3,-2.2,0,morrima03,0
352,Markieff Morris,PF,30,TOT,58,1187,12.5,0.565,0.498,0.186,3.8,17.1,10.3,10.1,1.3,1.2,13.3,20.9,,0.5,1,1.4,0.058,,-1.1,-0.9,-2,0,morrima02,0
352,Markieff Morris,PF,30,DET,44,988,12.7,0.573,0.486,0.203,2.7,17.3,9.9,11,1.3,0.9,14.2,21.8,,0.3,0.7,1,0.049,,-1.1,-1,-2.1,0,morrima02,0
352,Markieff Morris,PF,30,LAL,14,199,11.5,0.516,0.565,0.087,8.9,15.8,12.4,5.4,1.2,2.7,7.7,16.5,,0.2,0.3,0.4,0.106,,-1.3,-0.1,-1.4,0,morrima02,0
353,Monte Morris,PG,24,DEN,73,1636,14.9,0.545,0.304,0.157,1.6,7.7,4.7,22.1,1.7,1,8.1,17.5,,2.7,1.1,3.8,0.112,,0.4,-0.5,-0.2,0.7,morrimo01,0
354,Johnathan Motley,PF,24,LAC,13,41,28.5,0.774,0.067,0.467,7.8,17.3,12.7,32.9,3.5,0,21.7,23.5,,0.2,0.1,0.3,0.299,,4.8,3.3,8.1,0.1,motlejo01,0
355,Emmanuel Mudiay,PG,23,UTA,54,850,13,0.543,0.266,0.254,2.4,13.5,8.2,20.9,1.4,1,17.3,22.6,,0.1,0.9,1,0.057,,-1.8,-0.1,-1.9,0,mudiaem01,0
356,Mychal Mulder,SF,25,GSW,7,204,7.8,0.533,0.776,0.179,1.5,11,6.1,5.8,0.5,0.4,6.5,16.2,,0,0,0.1,0.017,,-3.2,-2.9,-6,-0.2,muldemy01,0
357,Dejounte Murray,PG,23,SAS,66,1687,16.2,0.524,0.174,0.179,4.4,20.1,12.2,23.1,3.1,0.9,15.4,20.8,,0.7,2,2.6,0.074,,-0.9,1.3,0.4,1,murrade01,0
358,Jamal Murray,PG,22,DEN,59,1904,17.7,0.559,0.362,0.207,2.7,11.2,6.9,22.9,1.7,0.8,11.5,25.2,,2.8,1.5,4.3,0.107,,2,-0.8,1.2,1.5,murraja01,0
359,Džanan Musa,SF,20,BRK,40,487,9.4,0.484,0.453,0.349,4.6,13.5,9.1,12.6,1.5,0.2,15.4,20.1,,-0.3,0.5,0.2,0.016,,-3.5,-0.9,-4.4,-0.3,musadz01,0
360,Mike Muscala,C,28,OKC,47,572,12.5,0.569,0.757,0.116,3.2,17.3,10.4,10.1,0.8,1.8,7.9,16.6,,0.7,0.6,1.3,0.107,,0.1,-0.2,-0.1,0.3,muscami01,0
361,Svi Mykhailiuk,SF,22,DET,56,1265,11.2,0.578,0.704,0.173,1.5,7.9,4.7,12.3,1.6,0.3,12.3,17.1,,1,0.6,1.6,0.06,,-0.7,-1.2,-1.9,0,mykhasv01,0
362,Abdel Nader,SF,26,OKC,55,867,11.3,0.591,0.487,0.251,1.8,10.6,6.4,6.4,1.3,2,12.8,17,,0.5,0.9,1.3,0.074,,-1.2,0.2,-1,0.2,naderab01,0
363,Larry Nance Jr.,PF,27,CLE,56,1472,17.3,0.608,0.369,0.172,7.9,23.1,15.4,12.3,1.9,1.3,11.5,15.2,,2.8,1.1,3.9,0.128,,1.4,0.4,1.7,1.4,nancela02,0
364,Shabazz Napier,PG,28,TOT,56,1344,13.8,0.552,0.526,0.336,2,10.9,6.3,27.8,2.4,0.7,19.7,20,,0.8,0.9,1.7,0.059,,-0.7,-0.4,-1.1,0.3,napiesh01,0
364,Shabazz Napier,PG,28,MIN,36,856,13.9,0.539,0.562,0.311,2,11.9,6.8,31.3,2.2,0.7,19.1,19.1,,0.6,0.6,1.3,0.071,,-0.6,-0.2,-0.8,0.3,napiesh01,0
364,Shabazz Napier,PG,28,WAS,20,488,13.6,0.573,0.468,0.376,1.9,9.1,5.4,21.7,2.8,0.7,20.5,21.6,,0.1,0.3,0.4,0.039,,-0.9,-0.7,-1.6,0,napiesh01,0
365,Raul Neto,PG,27,PHI,54,668,12.7,0.567,0.396,0.212,1.8,8.3,5,20.3,1.7,0.8,16.2,18.7,,0.5,0.6,1.2,0.083,,-1.2,-0.6,-1.8,0,netora01,0
366,Malik Newman,SG,22,CLE,1,4,-11.4,0.347,0.5,1,0,0,0,0,0,0,25.8,41.5,,0,0,0,-0.502,,-14.5,-11.2,-25.7,0,newmama01,0
367,Georges Niang,PF,26,UTA,66,923,11.7,0.589,0.699,0.075,1.9,12.9,7.6,7,0.9,0.4,8.3,17.2,,1,0.8,1.8,0.092,,0.4,-0.5,-0.1,0.4,niangge01,0
368,Joakim Noah,C,34,LAC,5,50,11.1,0.608,0,1,10.7,22.3,16.6,17.9,0.9,1.8,34.2,14.7,,0,0.1,0.1,0.096,,-4.1,2.5,-1.6,0,noahjo01,0
369,Nerlens Noel,C,25,OKC,61,1127,20.4,0.711,0.011,0.394,9.2,19.9,14.7,7.6,2.5,6.9,17.3,14.9,,2.6,2.3,4.9,0.209,,-0.3,3.4,3.1,1.5,noelne01,0
370,Zach Norvell,SG,22,TOT,5,41,2.6,0.402,0.667,0.083,0,16.3,7.9,10.2,2.3,0,19.4,16.1,,-0.1,0,-0.1,-0.084,,-7.1,-1.2,-8.4,-0.1,norveza01,0
370,Zach Norvell,SG,22,LAL,2,5,-5.6,0,0,0,0,21.6,10.9,0,0,0,0,8.4,,0,0,0,-0.152,,-10.3,-2.5,-12.8,0,norveza01,0
370,Zach Norvell,SG,22,GSW,3,36,3.7,0.437,0.727,0.091,0,15.6,7.5,11.7,2.7,0,20.8,17.1,,-0.1,0,-0.1,-0.075,,-6.7,-1,-7.7,-0.1,norveza01,0
371,Jaylen Nowell,SG,20,MIN,15,151,10.5,0.471,0.491,0.321,2,7.3,4.5,17.8,0.9,0.6,4.7,17.3,,0.1,0,0.2,0.051,,-2.9,-0.8,-3.8,-0.1,nowelja01,0
372,Frank Ntilikina,PG,21,NYK,57,1187,9.8,0.497,0.411,0.177,2,9.1,5.4,20.2,2.2,1.3,16.5,15.4,,0.1,0.8,0.9,0.037,,-3.6,0.4,-3.2,-0.4,ntilila01,0
373,Kendrick Nunn,PG,24,MIA,67,1962,12.9,0.534,0.428,0.109,1.2,8.7,5.1,18.5,1.4,0.8,10.6,24.1,,0.4,1.6,2,0.049,,-1,-1.3,-2.3,-0.1,nunnke01,0
374,Jusuf Nurkić,C,25,POR,8,253,22.6,0.567,0.092,0.321,9.6,24.1,16.9,19.1,2.1,5.4,13.2,24,,0.5,0.3,0.9,0.164,,1,1,2,0.2,nurkiju01,0
375,David Nwaba,SF,27,BRK,20,268,14,0.627,0.394,0.38,3.2,14,8.7,4.3,1.9,3.7,8.8,14.2,,0.4,0.4,0.8,0.138,,-1,2,1.1,0.2,nwabada01,0
376,Royce O'Neale,SF,26,UTA,71,2049,9.5,0.578,0.668,0.151,1.5,18.8,10.4,11.6,1.4,1.3,13.5,9.6,,1.8,2.5,4.3,0.101,,-1.3,2.2,0.9,1.5,onealro01,0
377,Kyle O'Quinn,C,29,PHI,29,313,18.6,0.544,0.318,0.235,12,29,20.5,22.7,1.1,6.5,17.6,15.7,,0.5,0.6,1.1,0.165,,0.3,2.7,3,0.4,oquinky01,0
378,Semi Ojeleye,PF,25,BOS,69,1011,7.7,0.562,0.648,0.163,2.8,12.5,7.7,4.7,1,0.5,8.3,9.7,,0.8,1,1.9,0.088,,-2.1,0.4,-1.7,0.1,ojelese01,0
379,Jahlil Okafor,C,24,NOP,30,467,18.3,0.642,0.019,0.383,10.9,18,14.4,12,0.7,3.9,16.7,19.9,,0.9,0.4,1.3,0.133,,-0.5,0.3,-0.2,0.2,okafoja01,0
380,Elie Okobo,PG,22,PHO,55,719,10.6,0.516,0.392,0.392,2.4,11.6,6.9,21.2,1.6,0.5,15.2,14.8,,0.5,0.5,1,0.067,,-1.9,0,-1.9,0,okoboel01,0
381,Josh Okogie,SG,21,MIN,62,1547,11.5,0.553,0.387,0.48,5.7,12.8,9.1,8.9,2,1.4,15.3,15.1,,0.9,1.2,2.2,0.068,,-2.4,0,-2.4,-0.2,okogijo01,0
382,KZ Okpala,PF,20,MIA,5,26,13.7,0.595,0.2,0.4,4.5,16.6,10.8,5.5,3.8,3.8,14.5,11.7,,0,0,0.1,0.118,,-1.3,3.7,2.4,0,okpalkz01,0
383,Victor Oladipo,SG,27,IND,19,528,11.3,0.506,0.423,0.24,1.9,13.6,7.8,15.4,1.6,0.7,14.7,26.5,,-0.6,0.6,0,0.002,,-2.2,-1.1,-3.3,-0.2,oladivi01,0
384,Kelly Olynyk,C,28,MIA,67,1300,14.6,0.621,0.588,0.251,3.9,21.6,13.1,13.3,1.7,1.8,13.8,17.4,,1.9,1.8,3.7,0.135,,0,1,1,1,olynyke01,0
385,Miye Oni,SF,22,UTA,10,109,9.7,0.512,0.594,0.156,5.2,11.7,8.6,5.1,1.8,1.5,10.5,15.3,,0,0.1,0.1,0.063,,-3.1,-1.1,-4.3,-0.1,onimi01,0
386,Cedi Osman,SF,24,CLE,65,1910,10.7,0.552,0.527,0.154,2.2,11.3,6.7,11.6,1.4,0.7,12.3,16.6,,1,0.6,1.6,0.04,,-1.7,-0.9,-2.6,-0.3,osmande01,0
387,Kelly Oubre Jr.,SF,24,PHO,56,1933,14.9,0.56,0.372,0.298,3.8,17.1,10.4,6.6,1.7,1.8,8.2,22.4,,1.7,2.1,3.8,0.093,,-0.3,-0.3,-0.5,0.7,oubreke01,0
388,Tariq Owens,PF,24,PHO,3,15,8.4,0.34,0.4,0.4,14.6,7.5,11.1,0,3.2,0,0,16.7,,0,0,0,0.021,,-3.1,-2.7,-5.8,0,owensta01,0
389,Jeremy Pargo,PG,33,GSW,3,44,12.6,0.557,0.318,0.045,2.4,5.1,3.7,33.2,1.1,0,15.1,25.7,,0,0,0,0.011,,-2.8,-3.1,-5.9,0,pargoje01,0
390,Jabari Parker,PF,24,TOT,38,917,18,0.571,0.277,0.189,7.1,18.3,12.6,12.4,2.3,1.5,12.1,24,,0.8,0.8,1.6,0.083,,0.6,-0.3,0.3,0.5,parkeja01,0
390,Jabari Parker,PF,24,ATL,32,837,17.2,0.565,0.293,0.183,6.9,17.9,12.3,11.6,2.3,1.5,12.4,24,,0.5,0.7,1.2,0.068,,0.3,-0.3,0,0.4,parkeja01,0
390,Jabari Parker,PF,24,SAC,6,80,26.5,0.638,0.111,0.25,9.6,23.1,16.2,21.5,1.8,1.2,9.1,23.8,,0.3,0.1,0.4,0.234,,3.5,-0.9,2.6,0.1,parkeja01,0
391,Chandler Parsons,PF,31,ATL,5,54,5.6,0.389,0.778,0,2,12.1,7,7.5,3.5,1.6,14.3,16.1,,-0.1,0,-0.1,-0.065,,-4.4,-1.6,-6,-0.1,parsoch01,0
392,Eric Paschall,PF,23,GSW,60,1654,14.5,0.571,0.202,0.331,5.2,13.1,9,12.7,0.9,0.7,11.4,21.4,,1.6,0.5,2.1,0.062,,-0.7,-2,-2.7,-0.3,pascher01,0
393,Anžejs Pasečņiks,C,24,WAS,27,437,11.3,0.551,0.026,0.5,10.1,16.9,13.4,5.7,1,2.4,14.5,15.8,,0.3,0.2,0.5,0.054,,-4.1,-1.5,-5.6,-0.4,pasecan01,0
394,Patrick Patterson,PF,30,LAC,59,776,11.5,0.58,0.738,0.185,4.8,15.1,10.1,7.2,0.4,0.3,7.7,14.7,,1.1,0.8,1.9,0.118,,0.8,-0.5,0.3,0.5,pattepa01,0
395,Justin Patton,C,22,OKC,5,24,4.7,0.45,0.4,0,4.7,17.9,11.5,12.6,0,0,16.7,22,,-0.1,0,0,-0.063,,-6.8,-3.3,-10.1,0,pattoju01,0
396,Chris Paul,PG,34,OKC,70,2208,21.7,0.61,0.343,0.315,1.3,15.7,8.7,34,2.4,0.4,13.8,23.3,,5.9,3,8.9,0.193,,3,1.4,4.4,3.5,paulch01,0
397,Cameron Payne,SG,25,PHO,8,183,15.7,0.612,0.426,0.103,2.4,16.6,9.4,19.5,2.1,1,13.4,19.1,,0.3,0.2,0.5,0.12,,0.7,1,1.7,0.2,payneca01,0
398,Elfrid Payton,PG,25,NYK,45,1246,16,0.47,0.157,0.195,4.3,14.1,9.1,38.6,2.7,1.3,16.7,19.5,,0.5,1.2,1.7,0.065,,-0.4,0.4,0,0.6,paytoel01,0
399,Gary Payton II,SF,27,WAS,29,432,11.3,0.473,0.397,0.069,6.3,14.2,10.1,14.8,3.6,1.4,14.3,13.4,,0,0.4,0.5,0.051,,-3.1,1.5,-1.6,0,paytoga02,0
400,Norvel Pelle,C,26,PHI,24,232,10.5,0.526,0.021,0.292,9.5,24.8,17.1,4.6,0.6,11.4,24.9,13.4,,-0.2,0.5,0.3,0.069,,-7.8,2.6,-5.2,-0.2,pelleno01,0
401,Theo Pinson,SG,24,BRK,33,365,5.2,0.37,0.516,0.103,2.9,12.2,7.7,21.7,2.2,0.9,16.9,22.3,,-1,0.4,-0.6,-0.078,,-6.8,-0.2,-7,-0.5,pinsoth01,0
402,Mason Plumlee,C,29,DEN,61,1057,18.8,0.613,0.017,0.538,10.4,23.2,16.8,20.9,1.5,3.3,18.7,18,,2,1.4,3.4,0.153,,0.3,1.7,2,1.1,plumlma01,0
403,Jakob Poeltl,C,24,SAS,66,1171,19.1,0.612,0,0.323,12.1,22.5,17.3,13.6,1.5,7.1,15.1,13.2,,2.4,1.6,4,0.163,,0.5,2,2.5,1.3,poeltja01,0
404,Vincent Poirier,C,26,BOS,22,130,12.7,0.525,0.056,0.194,10.8,24.4,17.7,8.5,0.7,6.4,17,15.4,,0.1,0.2,0.3,0.113,,-4.8,1,-3.8,-0.1,poirivi01,0
405,Shamorie Ponds,PG,21,TOR,4,11,33.1,0.765,0.4,0.4,0,9.4,4.8,32.4,0,8.9,0,22.8,,0.1,0,0.1,0.45,,8.4,5.3,13.7,0,pondssh01,0
406,Jordan Poole,SG,20,GSW,57,1274,7.2,0.454,0.528,0.237,0.7,9.6,5,15.8,1.3,0.7,11.8,21.1,,-1.6,0.4,-1.2,-0.047,,-4.4,-2.2,-6.6,-1.5,poolejo01,0
407,Kevin Porter Jr.,SF,19,CLE,50,1162,10.8,0.535,0.375,0.24,2.1,13.5,7.7,13.9,1.9,1,16.7,20.5,,-0.3,0.6,0.3,0.012,,-3.2,-0.6,-3.8,-0.5,porteke02,0
408,Michael Porter Jr.,SF,21,DEN,55,903,19.8,0.617,0.384,0.188,8.2,23.9,16.1,7.9,1.5,2.6,10.6,22.3,,1.8,1.1,2.9,0.154,,2.4,-0.8,1.5,0.8,portemi01,0
409,Otto Porter Jr.,SF,26,CHI,14,331,15.8,0.55,0.443,0.193,4.1,12.3,8,11.9,2.2,1.7,6.8,21,,0.4,0.4,0.8,0.112,,0.8,0.2,1,0.3,porteot01,0
410,Bobby Portis,PF,24,NYK,66,1393,14.6,0.53,0.317,0.158,6,20.4,12.9,11.1,1.1,1.2,10.4,21.4,,0.9,1,1.9,0.064,,0,-1.1,-1.1,0.3,portibo01,0
411,Kristaps Porziņģis,C,24,DAL,57,1814,20.2,0.551,0.432,0.304,5.9,25.1,15.6,8.8,1.1,5.4,8,27,,2.6,2.6,5.2,0.138,,1.8,0.1,1.9,1.8,porzikr01,0
412,Dwight Powell,C,28,DAL,40,1061,15.9,0.677,0.17,0.485,7.5,14.8,11.2,7.7,1.5,1.8,11.5,12.6,,2.6,1,3.6,0.162,,0.4,0.9,1.3,0.9,poweldw01,0
413,Norman Powell,SG,26,TOR,52,1479,16.8,0.624,0.457,0.256,1.9,11.4,6.8,9.7,1.9,1.4,10.4,21.5,,2.3,2.3,4.6,0.15,,1.2,0.8,2,1.5,powelno01,0
414,Taurean Prince,PF,25,BRK,64,1857,9.1,0.497,0.583,0.12,2.8,18.1,10.6,9.2,1.5,1.1,14,20.4,,-1.7,2.3,0.6,0.014,,-2.8,-0.1,-2.9,-0.4,princta02,0
415,Chasson Randle,PG,26,GSW,3,40,6.7,0.377,0.5,1.5,0,5.6,2.7,15.7,2.4,0,0,7.1,,0,0,0,0.045,,-6,0.2,-5.9,0,randlch01,0
416,Julius Randle,PF,25,NYK,64,2080,17.5,0.538,0.23,0.35,7.5,24.9,16,15.8,1.2,1,14.3,27.6,,0.9,1.8,2.7,0.062,,0.7,-1,-0.3,0.9,randlju01,0
417,Josh Reaves,SF,22,DAL,4,28,5.8,0.405,0.222,0.222,3.8,7.4,5.6,14.2,0,0,0,15.1,,0,0,0,0.031,,-5.3,-4,-9.4,-0.1,reavejo02,0
418,Cam Reddish,SF,20,ATL,58,1551,9,0.5,0.451,0.227,2.4,12.7,7.5,8,1.9,1.5,13.6,18.9,,-1.2,0.8,-0.4,-0.011,,-3.3,-1,-4.2,-0.9,reddica01,0
419,JJ Redick,SG,35,NOP,60,1581,15.4,0.644,0.629,0.293,0.7,9.5,5.1,10.8,0.6,0.5,9.5,20.4,,3.6,0.6,4.1,0.125,,2.3,-1.7,0.7,1.1,redicjj01,0
420,Naz Reid,C,20,MIN,30,495,15.3,0.505,0.399,0.218,7,19.9,13.2,11.2,1.8,3.7,7.6,24,,0.2,0.6,0.8,0.074,,-1.6,-0.3,-1.9,0,reidna01,0
421,Josh Richardson,SG,26,PHI,55,1693,12,0.533,0.385,0.218,2.7,8.7,5.7,13.9,1.5,1.8,12.8,20.6,,0.5,1.7,2.1,0.061,,-1.4,-0.4,-1.8,0.1,richajo01,0
422,Austin Rivers,SG,27,HOU,68,1594,10.4,0.542,0.539,0.222,1.8,9.8,5.8,10,1.4,0.5,8.3,15.6,,1.2,1.2,2.4,0.072,,-2.1,-0.4,-2.5,-0.2,riverau01,0
423,Andre Roberson,SF,28,OKC,7,87,5.4,0.335,0.483,0.069,9.2,24.7,17.1,6.3,0.6,3,6.3,16.1,,-0.1,0.1,0,-0.017,,-5.2,-0.2,-5.4,-0.1,roberan03,0
424,Duncan Robinson,SG,25,MIA,73,2166,13.1,0.684,0.882,0.105,0.5,11,6,7.1,0.8,0.9,8.9,16,,3.7,1.6,5.3,0.118,,1.5,-1,0.5,1.3,robindu01,0
425,Glenn Robinson III,SF,26,TOT,62,1786,13.3,0.577,0.333,0.145,4.8,11.9,8.2,8.4,1.4,0.8,8,16.4,,2,0.9,2.9,0.078,,-0.5,-1.2,-1.7,0.1,robingl02,0
425,Glenn Robinson III,SF,26,GSW,48,1516,13.1,0.574,0.335,0.146,4.6,11.9,8.1,8.8,1.4,0.8,8.5,16.6,,1.5,0.6,2.1,0.067,,-0.6,-1.1,-1.7,0.1,robingl02,0
425,Glenn Robinson III,SF,26,PHI,14,270,14.7,0.598,0.318,0.141,6.1,11.9,9,5.9,1.6,0.6,5.2,15.2,,0.5,0.3,0.8,0.137,,0,-1.3,-1.4,0,robingl02,0
426,Jerome Robinson,SG,22,TOT,63,979,7.4,0.476,0.494,0.184,1.4,12.8,7,11.9,1.3,1.5,12.8,16.4,,-0.6,0.8,0.2,0.009,,-3.8,-0.2,-3.9,-0.5,robinje01,0
426,Jerome Robinson,SG,22,LAC,42,476,4.8,0.423,0.493,0.14,1.1,11.7,6.5,12.6,1.3,1.5,15.3,15,,-0.6,0.6,0,-0.004,,-5.3,0.6,-4.7,-0.3,robinje01,0
426,Jerome Robinson,SG,22,WAS,21,503,9.8,0.516,0.494,0.218,1.7,13.8,7.5,11.3,1.4,1.6,10.8,17.7,,0,0.2,0.2,0.022,,-2.3,-0.9,-3.2,-0.1,robinje01,0
427,Justin Robinson,PG,22,WAS,9,49,8.2,0.542,0.417,0,2.1,9.3,5.6,18.8,0,1.8,20,12.7,,0,0,0,0.007,,-2.6,-3.1,-5.7,0,robinju01,0
428,Mitchell Robinson,C,21,NYK,61,1412,23.5,0.726,0,0.434,13.7,18.8,16.2,3.9,1.8,8,8.3,13.3,,4.8,2,6.8,0.23,,1.6,1.4,2.9,1.8,robinmi01,0
429,Isaiah Roby,PF,21,OKC,3,11,-7.7,0,0,0,0,19.5,10,0,0,0,50,8,,-0.1,0,0,-0.188,,-12,-3.4,-15.4,0,robyis01,0
430,Rajon Rondo,PG,33,LAL,48,984,12.4,0.494,0.381,0.125,2.6,13.1,7.9,32.9,1.9,0.2,20.8,18.7,,0.1,1.3,1.4,0.068,,-1.2,-0.1,-1.4,0.2,rondora01,0
431,Derrick Rose,PG,31,DET,50,1298,21,0.555,0.195,0.185,2.3,8.3,5.3,40.5,1.5,1,13.4,31.6,,1.8,0.7,2.5,0.092,,3.9,-1.7,2.2,1.4,rosede01,0
432,Terrence Ross,SG,28,ORL,69,1889,14,0.548,0.596,0.217,0.7,12.3,6.3,6.8,2,1.1,7,22.8,,1.1,2,3,0.077,,-0.1,-0.3,-0.4,0.8,rosste01,0
433,Terry Rozier,PG,25,CHO,63,2164,14.8,0.553,0.45,0.202,2.4,11.8,7,20.4,1.4,0.4,12.1,23.7,,1.9,1.1,3,0.066,,0.8,-1.2,-0.4,0.8,roziete01,0
434,Ricky Rubio,PG,29,PHO,65,2016,16.5,0.535,0.312,0.327,2.5,14.4,8.4,39.7,2.2,0.5,17.9,20.4,,2.9,2,4.9,0.117,,0.7,0.2,1,1.5,rubiori01,0
435,D'Angelo Russell,PG,23,TOT,45,1452,18.7,0.556,0.509,0.235,1.2,12.3,6.6,35.2,1.6,0.8,13.6,31.5,,1.1,0.7,1.8,0.06,,3.8,-1.9,1.9,1.4,russeda01,0
435,D'Angelo Russell,PG,23,GSW,33,1060,19.1,0.558,0.506,0.227,1.4,11.4,6.2,36,1.4,0.8,12.6,32.2,,0.9,0.4,1.3,0.058,,4.5,-1.9,2.6,1.2,russeda01,0
435,D'Angelo Russell,PG,23,MIN,12,392,17.6,0.553,0.521,0.261,0.8,14.5,7.4,33.1,2,0.8,16.4,29.5,,0.2,0.3,0.5,0.064,,1.8,-1.7,0.1,0.2,russeda01,0
436,Domantas Sabonis,PF,23,IND,62,2159,20.7,0.586,0.079,0.349,9.7,29.3,19.6,21.7,1.1,1.2,14.8,23.3,,4.1,3.4,7.5,0.168,,2,1.2,3.2,2.9,sabondo01,0
437,Luka Šamanić,PF,20,SAS,3,48,8.8,0.45,0.5,0.25,2.2,20.2,11.2,16.3,0,3.7,10.1,17.8,,0,0,0,0.011,,-2.4,-1.7,-4.1,0,samanlu01,0
438,JaKarr Sampson,PF,26,IND,34,471,12.6,0.615,0.113,0.235,4.7,15.7,10.2,6.1,1.6,2.2,10.6,13.2,,0.6,0.7,1.2,0.124,,-2.8,1.4,-1.4,0.1,sampsja02,0
439,Dario Šarić,PF,25,PHO,66,1632,14.2,0.592,0.437,0.238,6.7,21.1,13.8,10.8,1.1,0.9,12.9,17.8,,2.1,1.5,3.6,0.105,,-0.1,-0.3,-0.4,0.7,saricda01,0
440,Tomáš Satoranský,SG,28,CHI,65,1878,13.5,0.533,0.361,0.22,4.3,11,7.5,27.1,2.1,0.4,17.7,16.7,,1.8,1.7,3.5,0.09,,-1.1,-0.2,-1.2,0.4,satorto01,0
441,Admiral Schofield,PF,22,WAS,33,368,6.1,0.502,0.663,0.163,2,12.4,7,5.3,1,0.9,6.6,11.9,,0.1,0.1,0.1,0.017,,-4.3,-1.2,-5.5,-0.3,schofad01,0
442,Dennis Schröder,PG,26,OKC,65,1999,16.7,0.575,0.337,0.245,1.1,11.6,6.5,21.9,1.1,0.6,13.4,27.2,,1.9,1.8,3.6,0.087,,1.1,-1.1,-0.1,1,schrode01,0
443,Mike Scott,PF,31,PHI,68,1207,11.2,0.557,0.62,0.106,5.9,16.8,11.3,6.4,0.8,0.4,6.6,14,,1.4,1.1,2.5,0.1,,-0.7,-1.1,-1.8,0.1,scottmi01,0
444,Thabo Sefolosha,PF,35,HOU,41,436,9.4,0.487,0.593,0.088,5,17.5,11.2,7.5,2.5,2.4,13.7,10.4,,0,0.6,0.7,0.072,,-2.9,1.7,-1.2,0.1,sefolth01,0
445,Collin Sexton,PG,21,CLE,65,2143,16.3,0.56,0.235,0.246,3.1,7.5,5.3,15.1,1.5,0.3,11.6,27.2,,2.1,0.4,2.5,0.057,,0.3,-2.1,-1.8,0.1,sextoco01,0
446,Landry Shamet,SG,22,LAC,53,1452,8.5,0.58,0.757,0.194,0.4,6.6,3.6,9.1,0.7,0.6,9,13.4,,1.5,1.1,2.6,0.086,,-1.8,-0.3,-2.1,0,shamela01,0
447,Marial Shayok,SG,24,PHI,4,28,1.4,0.4,0.5,0.333,3.9,23.7,13.8,4.8,0,3,17.9,25.8,,-0.1,0,-0.1,-0.13,,-9.3,-3.7,-13,-0.1,shayoma01,0
448,Iman Shumpert,SF,29,BRK,13,241,5.3,0.403,0.516,0.109,3.9,10.5,7.3,6.7,2.4,0.7,13,13.4,,-0.3,0.3,0,-0.005,,-6.2,0.7,-5.5,-0.2,shumpim01,0
449,Pascal Siakam,PF,25,TOR,60,2110,17.9,0.554,0.331,0.274,3.3,18.3,11,16.4,1.4,2.5,10.7,28.1,,1.8,3.6,5.4,0.123,,1.3,0.5,1.8,2,siakapa01,0
450,Chris Silva,PF,23,MIA,44,346,17.3,0.651,0.038,0.705,20.2,20.6,20.4,9.9,1.3,6,23.8,17.1,,0.7,0.5,1.3,0.178,,-3.1,0.8,-2.3,0,silvach01,0
451,Ben Simmons,PG,23,PHI,57,2017,20.4,0.602,0.011,0.461,6.2,18.2,12.2,33.8,2.9,1.4,20.4,20.9,,3.8,3.1,6.9,0.165,,1.3,2.3,3.6,2.8,simmobe01,0
452,Anfernee Simons,SG,20,POR,70,1449,9,0.502,0.422,0.172,1.8,9.1,5.5,9.2,0.9,0.6,9.6,18.7,,0,0.1,0.2,0.005,,-2.6,-1.9,-4.5,-0.9,simonan01,0
453,Alen Smailagić,C,19,GSW,14,139,14.5,0.61,0.325,0.475,7.5,13.7,10.5,14.3,1,2.6,18.5,18.2,,0.2,0.1,0.2,0.081,,-1.5,-0.7,-2.2,0,smailal01,0
454,Marcus Smart,SG,25,BOS,60,1919,13.8,0.518,0.579,0.223,2.4,10.1,6.3,21.1,2.5,1.4,12.1,18.9,,1.7,2.8,4.5,0.112,,0,1.4,1.4,1.6,smartma01,0
455,Dennis Smith Jr.,PG,22,NYK,34,537,7.4,0.399,0.256,0.251,4.1,11.7,7.7,26.4,2.5,1.4,19.8,23.1,,-1.4,0.5,-0.9,-0.079,,-5.2,-0.9,-6.1,-0.6,smithde03,0
456,Ish Smith,PG,31,WAS,68,1787,13.9,0.509,0.245,0.125,1.8,12,6.7,27.1,1.5,1.5,11.6,19.1,,1.3,0.6,1.9,0.051,,-0.3,-1,-1.3,0.3,smithis01,0
457,J.R. Smith,SG,34,LAL,6,79,0,0.372,0.5,0.091,0,6.9,3.5,4.8,0.6,0,14.9,14.3,,-0.2,0.1,-0.1,-0.077,,-7.8,-2,-9.8,-0.2,smithjr01,0
458,Zhaire Smith,SF,20,PHI,7,32,1.1,0.313,0.273,0.364,0,6.9,3.5,8.2,4.5,0,13.6,19.9,,-0.1,0.1,-0.1,-0.12,,-10.2,0.4,-9.8,-0.1,smithzh01,0
459,Tony Snell,SF,28,DET,59,1641,9.7,0.598,0.665,0.084,0.6,7.1,3.8,10.9,1,0.8,7.3,11.4,,2.1,0.5,2.6,0.076,,-1.2,-0.6,-1.8,0.1,snellto01,0
460,Omari Spellman,C,22,GSW,49,886,14.4,0.551,0.373,0.312,9.1,18,13.4,8.1,1.8,2.4,13.9,18.8,,0.5,0.7,1.2,0.066,,-0.8,-1,-1.8,0.1,spellom01,0
461,Max Strus,SF,23,CHI,2,6,30.7,0.727,0.333,0.333,17.5,0,9.2,0,0,0,0,24.4,,0,0,0,0.316,,5.7,-1.7,3.9,0,strusma01,0
462,Edmond Sumner,SG,24,IND,31,447,10.1,0.491,0.373,0.204,2.7,8.5,5.6,16.7,1.6,1.8,12.4,17.3,,-0.1,0.5,0.4,0.047,,-3.1,0.2,-2.9,-0.1,sumneed01,0
463,Caleb Swanigan,PF-C,22,TOT,27,288,7.6,0.597,0.043,0.362,9.9,26.4,18.3,13.9,0.5,2.2,40.4,13.5,,-0.2,0.2,0,0.004,,-6.3,0.2,-6,-0.3,swanica01,0
463,Caleb Swanigan,C,22,SAC,7,23,-0.1,0.512,0,0.5,9.6,25.1,17.1,11.5,2.1,8.3,55.1,20.5,,-0.1,0,-0.1,-0.177,,-15.4,3.7,-11.7,-0.1,swanica01,0
463,Caleb Swanigan,PF,22,POR,20,265,8.2,0.605,0.047,0.349,10,26.5,18.3,14.1,0.4,1.6,38.5,12.9,,-0.1,0.2,0.1,0.02,,-5.5,-0.1,-5.5,-0.2,swanica01,0
464,Jayson Tatum,PF,21,BOS,66,2265,20.4,0.567,0.383,0.255,3.1,18.5,10.9,14.5,2,2.3,10.2,28.6,,3.2,3.7,6.9,0.146,,3.5,0.6,4,3.4,tatumja01,0
465,Jeff Teague,PG,31,TOT,59,1464,14.6,0.557,0.239,0.403,1.9,8.6,5.2,30.7,1.4,1.1,16.8,19.5,,1.9,0.6,2.5,0.082,,-0.2,-1.3,-1.5,0.2,teaguje01,0
465,Jeff Teague,PG,31,MIN,34,945,15.9,0.578,0.269,0.444,1.6,8.5,4.9,32.5,1.2,1.1,16.4,20.2,,1.7,0.4,2.1,0.108,,0.6,-1.2,-0.6,0.3,teaguje01,0
465,Jeff Teague,PG,31,ATL,25,519,12.2,0.512,0.182,0.321,2.5,8.8,5.6,27.3,1.7,1,17.5,18.3,,0.2,0.2,0.4,0.035,,-1.6,-1.5,-3.2,-0.2,teaguje01,0
466,Garrett Temple,SG,33,BRK,62,1730,10.5,0.513,0.658,0.148,1.8,11.1,6.5,12.8,1.3,1.4,9,16.6,,0.7,1.7,2.4,0.066,,-1.4,0.3,-1.1,0.4,templga01,0
467,Daniel Theis,C,27,BOS,65,1566,17.9,0.631,0.225,0.268,9.7,19.3,14.6,10.1,1.1,5,10.2,14.4,,4,2.6,6.5,0.201,,0.6,1.8,2.4,1.7,theisda01,0
468,Isaiah Thomas,PG,30,WAS,40,925,11.6,0.531,0.444,0.178,1.2,7,4,23.4,0.7,0.6,14.4,24.1,,0.1,-0.1,0,0.002,,-0.5,-3.9,-4.4,-0.5,thomais02,0
469,Khyri Thomas,SG,23,DET,8,61,3.1,0.453,0.824,0.235,1.8,0,0.9,6.7,2.4,0,13.8,15.6,,-0.1,0,0,-0.038,,-6.2,-1.7,-7.9,-0.1,thomakh01,0
470,Lance Thomas,PF,31,BRK,7,98,3,0.485,0.565,0.174,2.2,11.4,6.9,8.2,0,0,19.5,13.1,,-0.1,0.1,0,-0.015,,-5.7,-2.5,-8.2,-0.2,thomala01,0
471,Matt Thomas,SG,25,TOR,41,440,13.3,0.65,0.66,0.08,2.2,12.2,7.3,7.5,1.1,0.2,9.3,16.6,,0.7,0.6,1.2,0.133,,1,0.1,1.1,0.3,thomama02,0
472,Tristan Thompson,C,28,CLE,57,1721,16.8,0.54,0.041,0.286,14.5,22.9,18.6,10.5,0.9,2.5,14,18.3,,2,1.1,3.1,0.085,,-0.2,-1.3,-1.5,0.2,thomptr01,0
473,Sindarius Thornwell,SF,25,NOP,2,35,14.7,0.627,0.364,0.364,0,12.2,6.1,16.1,1.3,2.4,13.6,17.3,,0,0,0.1,0.101,,0.4,-1.2,-0.8,0,thornsi01,0
474,Matisse Thybulle,SG,22,PHI,65,1287,10,0.539,0.592,0.155,3.8,5.4,4.6,8,3.5,3.1,15.3,11.2,,0.3,2,2.3,0.086,,-2.8,3.1,0.3,0.8,thybuma01,0
475,Anthony Tolliver,PF,34,TOT,55,872,7,0.513,0.797,0.159,4.1,14.3,9.3,6,1,1.1,14.9,11.1,,0,0.4,0.5,0.026,,-2.7,-0.5,-3.2,-0.3,tollian01,0
475,Anthony Tolliver,PF,34,POR,33,554,7.5,0.515,0.761,0.162,5.2,15.5,10.4,6.6,0.7,1.4,14.3,11.2,,0.2,0.2,0.4,0.031,,-2.3,-0.9,-3.3,-0.2,tollian01,0
475,Anthony Tolliver,PF,34,SAC,9,82,0.2,0.252,0.882,0.118,2.7,12.7,7.6,4.5,2.4,1.2,18.3,11.6,,-0.2,0.1,-0.2,-0.1,,-7.8,-1,-8.8,-0.1,tollian01,0
475,Anthony Tolliver,PF,34,MEM,13,236,8,0.602,0.854,0.167,2.3,12.3,7.4,5.3,1.4,0.4,14.9,10.7,,0.1,0.2,0.3,0.061,,-1.8,0.6,-1.2,0,tollian01,0
476,Juan Toscano-Anderson,SG,26,GSW,13,272,9.4,0.529,0.365,0.079,3.5,17.8,10.4,13.8,2.3,1.7,19.7,12.7,,-0.1,0.2,0.2,0.03,,-4.1,0.5,-3.6,-0.1,toscaju01,0
477,Karl-Anthony Towns,C,24,MIN,35,1187,26.5,0.642,0.445,0.363,8.1,26.1,16.8,22.8,1.3,2.9,13.2,28.8,,3.7,1.3,5.1,0.204,,7,0.8,7.8,2.9,townska01,0
478,Gary Trent Jr.,SF,21,POR,61,1332,12.9,0.587,0.608,0.102,2,5.8,3.9,6.3,1.7,1,4.4,15.3,,2.2,0.3,2.5,0.089,,0.5,-0.8,-0.3,0.6,trentga02,0
479,Allonzo Trier,SG,24,NYK,24,291,14.5,0.62,0.5,0.406,2.1,8.7,5.3,14.8,0.5,1.3,15,21.4,,0.5,0.1,0.5,0.087,,1,-1.4,-0.4,0.1,trieral01,0
480,P.J. Tucker,PF,34,HOU,72,2467,8.3,0.559,0.702,0.113,4.7,15.6,10.1,6,1.4,1.2,13.9,8.7,,1.6,2.4,4,0.078,,-2.4,0.6,-1.9,0.1,tuckepj01,0
481,Rayjon Tucker,SG,22,UTA,20,161,9.7,0.584,0.395,0.535,2.1,11.2,6.8,4.4,0.3,0.5,13.1,16.6,,0.1,0.1,0.2,0.063,,-3.8,-2.2,-6.1,-0.2,tuckera01,0
482,Evan Turner,SG,31,ATL,19,251,6.8,0.424,0.075,0.209,3.4,13,8.2,20.6,1.7,2.7,26.2,16.4,,-0.5,0.1,-0.3,-0.064,,-4.9,-0.7,-5.5,-0.2,turneev01,0
483,Myles Turner,C,23,IND,62,1826,14.8,0.566,0.426,0.288,5.2,19.1,12.2,5.4,1.2,6.4,11.4,17.9,,1.1,3.1,4.2,0.111,,-1,1.1,0.1,1,turnemy01,0
484,Jarrod Uthoff,PF,26,TOT,7,53,8.8,0.503,0.5,0.111,4,8.6,6.1,0,0.9,0,0,14.8,,0,0,0,0.018,,-2.2,-2.4,-4.6,0,uthofja01,0
484,Jarrod Uthoff,PF,26,MEM,4,14,-0.1,0.254,0.571,0.286,7.7,0,3.8,0,3.3,0,0,23.4,,-0.1,0,0,-0.166,,-10.9,-3,-13.9,0,uthofja01,0
484,Jarrod Uthoff,PF,26,WAS,3,39,12,0.682,0.455,0,2.7,11.7,7,0,0,0,0,11.7,,0.1,0,0.1,0.083,,0.9,-2.2,-1.3,0,uthofja01,0
485,Jonas Valančiūnas,C,27,MEM,70,1845,22.2,0.631,0.123,0.271,12.4,32.2,22.5,10.9,0.8,3.6,13.3,21.5,,4.2,2.8,7,0.182,,2.1,0.2,2.4,2,valanjo01,0
486,Denzel Valentine,SF,26,CHI,36,488,13,0.511,0.578,0.034,1.9,15.5,8.4,14.2,2.6,1.2,9.8,23.3,,-0.1,0.6,0.5,0.048,,-0.8,0.2,-0.6,0.2,valende01,0
487,Jarred Vanderbilt,PF,20,TOT,11,46,7.6,0.676,0.125,0.25,7.3,14.5,10.9,5.9,3.2,2,44.1,14.9,,-0.1,0.1,0,-0.026,,-6.8,0.5,-6.3,-0.1,vandeja01,0
487,Jarred Vanderbilt,PF,20,DEN,9,41,7.2,0.714,0,0,8.2,13.6,10.9,6.6,3.6,2.3,50,14.8,,-0.1,0.1,0,-0.042,,-7.3,0.9,-6.4,0,vandeja01,0
487,Jarred Vanderbilt,PF,20,MIN,2,5,11.1,0.532,1,2,0,21.9,10.6,0,0,0,0,15.5,,0,0,0,0.104,,-2.8,-2.8,-5.6,0,vandeja01,0
488,Fred VanVleet,SG,25,TOR,54,1928,16.3,0.553,0.484,0.256,1,9.9,5.6,27.7,2.5,0.9,12.3,21.7,,2.8,3.1,5.8,0.145,,1.3,1.4,2.7,2.3,vanvlfr01,0
489,Gabe Vincent,PG,23,MIA,9,83,1.2,0.297,0.73,0,0,6.5,3.4,10.1,2.9,0,2.6,20.2,,-0.3,0.1,-0.2,-0.117,,-8.5,-1.9,-10.4,-0.2,vincega01,0
490,Noah Vonleh,C,24,TOT,36,377,15.5,0.622,0.163,0.348,10.1,25.3,17.4,10.7,1.4,1.3,16.5,13.9,,0.6,0.4,1,0.127,,-1.2,0.3,-1,0.1,vonleno01,0
490,Noah Vonleh,C,24,MIN,29,347,15.3,0.605,0.163,0.326,10,25.9,17.6,10.8,1.5,1.4,16.2,13.9,,0.5,0.4,0.9,0.124,,-1.5,0.4,-1,0.1,vonleno01,0
490,Noah Vonleh,C,24,DEN,7,30,17.6,0.838,0.167,0.667,11.2,18.6,14.9,9.5,0,0,20.5,14.1,,0.1,0,0.1,0.166,,1.3,-1.9,-0.6,0,vonleno01,0
491,Nikola Vučević,C,29,ORL,62,1998,21.9,0.549,0.28,0.162,7.3,29.7,18.1,19.5,1.3,2.1,7.4,25.8,,3.5,2.9,6.4,0.153,,3.7,0.5,4.2,3.1,vucevni01,0
492,Dean Wade,PF,23,CLE,12,71,13.9,0.744,0.308,0.077,4.6,25.3,14.9,4,1.4,4.8,18.2,9.9,,0.1,0.1,0.2,0.105,,-1.7,0.5,-1.3,0,wadede01,0
493,Moritz Wagner,C,22,WAS,45,835,15.1,0.638,0.301,0.357,7,22.2,14.3,9.8,1.6,2,17.7,18.6,,1.1,0.6,1.7,0.099,,-2,-0.3,-2.3,-0.1,wagnemo01,0
494,Dion Waiters,SG,28,TOT,10,207,11.5,0.521,0.475,0.172,1.1,11.5,6.4,14.4,0.9,2.7,13.1,25.2,,-0.1,0.2,0.1,0.03,,-0.7,-0.6,-1.2,0,waitedi01,0
494,Dion Waiters,SG,28,MIA,3,42,13.4,0.53,0.654,0.038,0,28.2,14.7,12.5,0,4.7,10.2,30.9,,-0.1,0.1,0,-0.003,,2.4,-0.5,1.8,0,waitedi01,0
494,Dion Waiters,SG,28,LAL,7,165,11,0.518,0.411,0.219,1.3,7.2,4.3,14.9,1.2,2.2,14,23.8,,-0.1,0.2,0.1,0.038,,-1.4,-0.6,-2,0,waitedi01,0
495,Kemba Walker,PG,29,BOS,56,1742,20,0.575,0.532,0.272,2.2,11,6.7,24.2,1.3,1.5,10.5,27.2,,3.9,2,5.9,0.162,,4.9,-0.3,4.6,2.9,walkeke02,0
496,Lonnie Walker IV,SG,21,SAS,61,988,10.5,0.507,0.283,0.171,2.5,12.7,7.6,9.6,1.5,1.2,10.3,18.7,,-0.2,0.6,0.3,0.016,,-2.5,-1,-3.5,-0.4,walkelo01,0
497,Tyrone Wallace,SG,25,ATL,14,160,3.9,0.389,0.341,0.386,2,13,7.4,10.9,2,0.5,16.3,16,,-0.3,0.1,-0.2,-0.075,,-7.8,-1,-8.7,-0.3,wallaty01,0
498,Derrick Walton,PG,24,TOT,26,248,8.7,0.617,0.615,0.231,0.9,5.8,3.4,13.9,1.4,0,10.4,8.1,,0.4,0.2,0.6,0.111,,-2.2,1.3,-1,0.1,waltode01,0
498,Derrick Walton,PG,24,LAC,23,222,8.4,0.626,0.583,0.25,1,5.9,3.5,12.6,0.9,0,9.1,8.3,,0.4,0.2,0.5,0.112,,-2.2,0.9,-1.3,0,waltode01,0
498,Derrick Walton,PG,24,DET,3,26,11.3,0.5,1,0,0,4.4,2.2,24.8,5.7,0,25,6.7,,0,0,0.1,0.105,,-2.9,4.7,1.8,0,waltode01,0
499,Brad Wanamaker,PG,30,BOS,71,1369,12.8,0.577,0.282,0.376,1.7,9.4,5.6,17.8,2.2,0.9,15.3,15.5,,1.8,1.8,3.5,0.124,,-1.9,1.3,-0.6,0.5,wanambr01,0
500,T.J. Warren,SF,26,IND,67,2202,18.4,0.61,0.227,0.205,3.4,10.5,7,7.1,1.7,1.4,7.2,23.3,,4,2.6,6.5,0.143,,1.2,0,1.1,1.7,warretj01,0
501,P.J. Washington,PF,21,CHO,58,1759,12.4,0.547,0.39,0.231,3.5,16.6,9.8,11.3,1.5,2.3,12.5,18.6,,0.5,1.5,2,0.054,,-1.7,0.1,-1.6,0.2,washipj01,0
502,Yuta Watanabe,SF,25,MEM,18,105,11.2,0.48,0.235,0.235,7.2,12.8,10,6.4,2.2,0.8,5.1,15.7,,0,0.1,0.1,0.065,,-2.4,0.7,-1.7,0,watanyu01,0
503,Tremont Waters,PG,22,BOS,11,119,4.3,0.381,0.49,0.163,0,10.7,5.4,18.3,4.1,1.6,22.2,24.2,,-0.5,0.2,-0.3,-0.103,,-8.5,1,-7.5,-0.2,watertr01,0
504,Paul Watson,SF,25,TOT,10,87,12.6,0.517,0.462,0.346,2.5,17.9,10.3,12.4,2.2,1.1,9.1,16.1,,0,0.1,0.2,0.097,,-1.1,0.9,-0.2,0,watsopa01,0
504,Paul Watson,SF,25,ATL,2,17,-7.1,0,0.429,0,0,12.8,6.3,21.1,2.7,0,0,17.1,,-0.1,0,-0.1,-0.32,,-11.5,-1.6,-13.1,0,watsopa01,0
504,Paul Watson,SF,25,TOR,8,70,17.3,0.675,0.474,0.474,3.1,19.2,11.3,10.3,2,1.4,11.6,15.9,,0.2,0.1,0.3,0.198,,1.4,1.4,2.9,0.1,watsopa01,0
505,Quinndary Weatherspoon,SG,23,SAS,11,78,3.2,0.336,0.294,0.118,1.4,8.3,4.8,17.5,1.8,1.1,21.9,12.7,,-0.2,0,-0.1,-0.071,,-6.4,-1,-7.4,-0.1,weathqu01,0
506,Russell Westbrook,PG,31,HOU,57,2049,21,0.536,0.166,0.297,5.1,18.1,11.5,35.6,2.1,0.8,15,34.4,,1.7,2.5,4.2,0.098,,1.6,-0.1,1.5,1.8,westbru01,0
507,Coby White,PG,19,CHI,65,1674,11.9,0.506,0.475,0.163,1.8,14,7.6,16.5,1.4,0.3,11.4,24.4,,-0.5,1.4,0.9,0.026,,-1.3,-1.6,-2.9,-0.4,whiteco01,0
508,Derrick White,SG,25,SAS,68,1677,16.4,0.593,0.391,0.382,2.3,12.1,7.2,20,1.3,3.1,12.1,18.9,,3.1,1.1,4.2,0.119,,1.2,0.1,1.3,1.4,whitede01,0
509,Hassan Whiteside,C,30,POR,67,2008,25,0.644,0.01,0.34,13.6,33.3,23.6,5.9,0.6,8.4,12.9,19.6,,5.6,3,8.5,0.204,,2.5,0.7,3.2,2.6,whiteha01,0
510,Andrew Wiggins,SF,24,TOT,54,1858,16.4,0.536,0.342,0.274,3.6,12.3,7.8,18.1,1.1,2.4,10.7,27.4,,0.8,1.1,1.9,0.05,,1.1,-1.4,-0.3,0.8,wiggian01,0
510,Andrew Wiggins,SF,24,MIN,42,1455,16.1,0.535,0.348,0.262,3.4,12.9,7.9,18.1,0.9,2.1,10.8,28,,0.6,0.8,1.4,0.046,,1.1,-1.5,-0.4,0.6,wiggian01,0
510,Andrew Wiggins,SF,24,GSW,12,403,17.5,0.542,0.314,0.324,4.7,10.3,7.4,18.2,1.9,3.8,10.4,25.4,,0.2,0.3,0.5,0.064,,1,-1.1,-0.1,0.2,wiggian01,0
511,Grant Williams,PF,21,BOS,69,1043,7.9,0.505,0.455,0.256,6.1,12.1,9.1,8.5,1.4,3.2,17.6,11.6,,0.1,1.4,1.6,0.071,,-4.1,1.4,-2.7,-0.2,willigr01,0
512,Johnathan Williams,PF,24,WAS,15,180,14,0.566,0.059,0.382,14,25.3,19.4,5.9,0.3,3.9,11.2,10.3,,0.3,0.1,0.4,0.109,,-0.8,-1.3,-2,0,willijo04,0
513,Kenrich Williams,PF,25,NOP,39,832,7.5,0.429,0.66,0.177,6.5,17.3,11.9,8.4,1.5,2.1,12.2,8.9,,0.1,0.8,0.9,0.05,,-3.4,0.9,-2.4,-0.1,willike04,0
514,Lou Williams,PG,33,LAC,65,1864,17.3,0.546,0.337,0.362,1.8,9.2,5.6,30.1,1.1,0.6,14.4,28.4,,2.3,1.8,4.1,0.105,,2.2,-1.4,0.7,1.3,willilo02,0
515,Marvin Williams,PF,33,TOT,58,1129,11.2,0.587,0.584,0.213,2.8,14.3,8.5,7.6,1.6,2.4,10.2,12.5,,1.1,1.3,2.4,0.102,,-1.6,1,-0.6,0.4,willima02,0
515,Marvin Williams,PF,33,CHO,41,808,11.8,0.593,0.557,0.238,2,13.2,7.4,7.8,1.6,2.5,9.7,14,,0.8,0.6,1.5,0.087,,-1.6,0.4,-1.3,0.1,willima02,0
515,Marvin Williams,PF,33,MIL,17,321,9.8,0.566,0.684,0.123,4.9,17.1,11.4,7.2,1.4,2.2,11.8,8.7,,0.3,0.6,0.9,0.139,,-1.6,2.5,0.9,0.2,willima02,0
516,Robert Williams,C,22,BOS,29,388,23.1,0.728,0,0.386,11.2,24,17.7,10.1,2.7,8.4,16.9,13.6,,1.1,1,2,0.253,,0.8,4.3,5.1,0.7,williro04,0
517,Nigel Williams-Goss,PG,25,UTA,10,50,8.1,0.415,0.438,0.125,4.6,8.5,6.6,16.4,2.9,1.7,15.1,17.4,,-0.1,0.1,0,0.017,,-5.2,1.3,-3.9,0,willini01,0
518,Zion Williamson,PF,19,NOP,24,668,24.1,0.616,0.039,0.494,10.1,13.7,11.9,13.3,1.1,1.1,11.9,30.5,,1.5,0.4,2,0.141,,3.5,-1.4,2.1,0.7,willizi01,0
519,D.J. Wilson,PF,23,MIL,37,363,8.2,0.475,0.553,0.136,3.5,20.5,12.5,9.1,0.4,1.2,12,18.1,,-0.3,0.6,0.3,0.046,,-4.1,0,-4,-0.2,wilsodj01,0
520,Justise Winslow,SG,23,MIA,11,352,8.5,0.44,0.209,0.209,5.3,17.5,11.6,18.7,1,1.4,14.6,20.6,,-0.4,0.4,0,-0.004,,-3.5,-0.1,-3.6,-0.1,winslju01,0
521,Christian Wood,PF,24,DET,62,1325,23.2,0.659,0.276,0.476,8.8,24.8,16.7,7.6,1.3,3.4,12,23,,3.6,1.5,5.1,0.183,,3.5,-0.3,3.1,1.7,woodch01,0
522,Delon Wright,PG,27,DAL,73,1570,15.4,0.554,0.309,0.243,4.7,13.8,9.4,21,2.6,1.2,13.8,14.4,,2.6,1.8,4.4,0.134,,0,1.9,1.9,1.5,wrighde01,0
523,Justin Wright-Foreman,PG,22,UTA,4,45,8.8,0.437,0.5,0.2,0,11.8,6.1,23,2.2,0,12.1,24.1,,-0.1,0.1,0,-0.008,,-7,-2,-9,-0.1,wrighju02,0
524,Thaddeus Young,PF,31,CHI,64,1591,13.3,0.521,0.369,0.12,6.2,16.1,10.9,11.3,2.8,1.4,13.9,19.7,,-0.2,2.1,1.9,0.058,,-1.4,0.2,-1.2,0.3,youngth01,0
525,Trae Young,PG,21,ATL,60,2120,23.9,0.595,0.455,0.448,1.6,11.5,6.5,45.6,1.4,0.3,16.2,34.9,,5.3,0.6,5.9,0.133,,6.2,-2.3,3.9,3.1,youngtr01,0
526,Cody Zeller,C,27,CHO,58,1341,18.8,0.576,0.157,0.374,12.6,21.2,16.7,11.3,1.5,1.7,11.9,20.8,,2.3,1.3,3.6,0.129,,0.2,-0.8,-0.6,0.5,zelleco01,0
527,Tyler Zeller,C,30,SAS,2,4,22.4,0.25,0,0,80.9,26.9,53.9,0,0,0,0,43.2,,0,0,0,-0.075,,-0.3,-22.1,-22.4,0,zellety01,0
528,Ante Žižić,C,23,CLE,22,221,16.4,0.597,0,0.264,9,24.4,16.6,4.2,1.5,1.9,11.1,17.5,,0.3,0.2,0.5,0.106,,-1.7,-1.5,-3.2,-0.1,zizican01,0
529,Ivica Zubac,C,22,LAC,72,1326,21.7,0.651,0.005,0.431,15.9,26.4,21.3,9.1,0.6,4.4,11.8,16.4,,4.4,2.3,6.6,0.241,,1.9,0.9,2.8,1.6,zubaciv01,0
